1,1,500,158,30.979,70.299,1,-1,-1,-1
1,2,246,218,40.258,91.355,1,-1,-1,-1
1,3,648,238,36.706,83.294,1,-1,-1,-1
2,1,495.237,158,30.979,70.299,1,-1,-1,-1
2,2,245.045,215.136,43.3155,98.2917,1,-1,-1,-1
2,3,637.518,244.662,33.8769,76.8745,1,-1,-1,-1
2,4,504,162,30.979,70.299,1,-1,-1,-1
3,1,494.745,158,30.979,70.299,1,-1,-1,-1
3,2,260.709,218.171,35.2313,79.9475,1,-1,-1,-1
3,3,625.865,239.175,36.2155,82.1812,1,-1,-1,-1
4,1,490.811,161.161,30.979,70.299,1,-1,-1,-1
4,2,274.645,216.243,34.9998,79.422,1,-1,-1,-1
4,3,615.895,242.986,34.5997,78.5145,1,-1,-1,-1
5,1,489.472,162.273,30.979,70.299,1,-1,-1,-1
5,2,280.22,212.462,37.894,85.9899,1,-1,-1,-1
5,3,603.823,239.623,36.0275,81.7544,1,-1,-1,-1
6,1,485.877,165.828,30.979,70.299,1,-1,-1,-1
6,2,286.203,212.178,35.111,79.6748,1,-1,-1,-1
6,3,592.312,238.166,36.6369,83.1374,1,-1,-1,-1
7,1,481.876,164.377,32.6699,74.1358,1,-1,-1,-1
7,2,287.559,210.916,37.7953,85.7661,1,-1,-1,-1
7,3,580.454,237.565,36.8867,83.7041,1,-1,-1,-1
8,1,477.131,166.29,31.9371,72.473,1,-1,-1,-1
8,2,292.607,212.837,37.1981,84.4108,1,-1,-1,-1
8,3,575.48,237.397,36.9563,83.8621,1,-1,-1,-1
9,1,474.924,167.235,31.4388,71.3423,1,-1,-1,-1
9,2,298.091,211.163,36.8489,83.6184,1,-1,-1,-1
9,3,567.887,237.444,36.9369,83.8181,1,-1,-1,-1
10,1,471.319,167.589,31.1337,70.6501,1,-1,-1,-1
10,2,303.856,210.225,36.6719,83.2168,1,-1,-1,-1
10,3,558.546,237.576,36.8823,83.6941,1,-1,-1,-1
11,1,466.828,167.586,32.5918,73.9586,1,-1,-1,-1
11,2,309.208,209.783,36.604,83.0626,1,-1,-1,-1
11,3,544.665,237.718,36.8233,83.5601,1,-1,-1,-1
12,1,462.455,167.473,31.8433,72.2601,1,-1,-1,-1
12,2,314.892,209.641,36.5963,83.0451,1,-1,-1,-1
12,3,534.588,237.836,36.7743,83.4489,1,-1,-1,-1
13,1,457.628,170.224,31.3448,71.1289,1,-1,-1,-1
13,2,323.659,208.469,34.9214,79.2445,1,-1,-1,-1
13,3,524.062,237.919,36.7395,83.3701,1,-1,-1,-1
14,1,454.296,168.834,32.6718,74.14,1,-1,-1,-1
14,2,331.31,202.104,35.6843,80.9756,1,-1,-1,-1
14,3,509.78,237.971,36.718,83.3213,1,-1,-1,-1
15,2,337.572,198.58,36.2116,82.1723,1,-1,-1,-1
15,3,499.716,237.999,36.7064,83.295,1,-1,-1,-1
16,2,340.098,196.978,36.5333,82.9021,1,-1,-1,-1
16,3,492.843,238.011,36.7015,83.2838,1,-1,-1,-1
17,2,341.664,193.577,38.7969,88.039,1,-1,-1,-1
17,3,483.654,238.014,36.7003,83.2811,1,-1,-1,-1
17,9,716.284,278.701,47.2535,107.226,1,-1,-1,-1
17,10,426.154,163.996,35.321,80.1511,1,-1,-1,-1
18,2,347.566,192.039,37.9844,86.1951,1,-1,-1,-1
18,3,470.021,238.012,36.701,83.2826,1,-1,-1,-1
18,9,726.977,279.098,44.5148,101.012,1,-1,-1,-1
19,1,427.896,179.204,30.9073,70.1357,1,-1,-1,-1
19,2,353.533,202.502,31.7611,72.0731,1,-1,-1,-1
19,3,457.289,234.54,36.7023,83.2856,1,-1,-1,-1
19,9,731.822,279.759,43.3138,98.287,1,-1,-1,-1
20,2,354.858,210.197,28.8376,65.4388,1,-1,-1,-1
20,3,448.185,232.554,36.7036,83.2886,1,-1,-1,-1
20,9,731.522,282.824,40.9191,92.8536,1,-1,-1,-1
20,11,694.1,279.336,47.48,107.74,1,-1,-1,-1
21,3,438.357,231.602,36.7047,83.291,1,-1,-1,-1
21,9,726.252,279.416,37.6927,85.5326,1,-1,-1,-1
21,11,686.693,275.916,44.7839,101.623,1,-1,-1,-1
22,3,430.276,226.612,38.7986,88.0429,1,-1,-1,-1
22,9,720.162,281.104,36.0573,81.8216,1,-1,-1,-1
22,11,680.074,274.544,43.5118,98.7363,1,-1,-1,-1
22,12,359.862,186.041,37.674,85.4905,1,-1,-1,-1
23,3,425.449,229.666,36.2836,82.3356,1,-1,-1,-1
23,9,716.767,282.219,35.4799,80.5115,1,-1,-1,-1
23,11,669.009,270.481,42.9853,97.5419,1,-1,-1,-1
23,12,359.859,183.684,38.0008,86.2321,1,-1,-1,-1
24,3,409.522,199.514,52.2555,118.58,1,-1,-1,-1
24,9,705.795,274.455,39.657,89.9901,1,-1,-1,-1
24,11,656.248,272.046,42.8555,97.2474,1,-1,-1,-1
24,12,363.717,183.366,37.9129,86.0328,1,-1,-1,-1
25,3,397.355,178.761,59.5298,135.087,1,-1,-1,-1
25,9,695.994,266.159,42.0714,95.4687,1,-1,-1,-1
25,12,365.625,183.848,37.6778,85.4992,1,-1,-1,-1
25,14,661.557,270.986,41.0914,93.2454,1,-1,-1,-1
25,15,383.488,174.582,33.3749,75.7356,1,-1,-1,-1
26,3,394.081,183.623,55.2398,125.351,1,-1,-1,-1
26,9,688.311,267.491,39.554,89.7563,1,-1,-1,-1
26,12,368.83,180.507,39.4931,89.6188,1,-1,-1,-1
26,14,657.629,264.371,42.3312,96.0585,1,-1,-1,-1
27,3,388.855,176.234,56.8957,129.11,1,-1,-1,-1
27,9,685.031,269.035,37.8579,85.9078,1,-1,-1,-1
27,12,370.414,179.037,40.3771,91.6248,1,-1,-1,-1
27,14,652.64,261.523,42.9789,97.5281,1,-1,-1,-1
28,9,679.629,263.929,38.9648,88.4197,1,-1,-1,-1
28,12,371.547,179.124,38.7287,87.8843,1,-1,-1,-1
28,14,646.506,260.475,43.3191,98.3,1,-1,-1,-1
29,9,669.915,261.184,39.6884,90.062,1,-1,-1,-1
29,12,371.923,179.567,37.5995,85.3218,1,-1,-1,-1
29,14,636.251,256.22,43.4855,98.6777,1,-1,-1,-1
30,1,377.705,209.547,40.334,91.5273,1,-1,-1,-1
30,9,664.624,253.014,41.9952,95.2964,1,-1,-1,-1
30,12,371.898,180.061,36.9288,83.7998,1,-1,-1,-1
30,14,623.184,258.261,43.5505,98.8251,1,-1,-1,-1
30,18,634.797,257.245,42.4276,96.2773,1,-1,-1,-1
31,9,658.648,248.788,43.23,98.0982,1,-1,-1,-1
31,12,375.174,180.466,36.5962,83.0449,1,-1,-1,-1
31,14,616.238,255.786,41.7404,94.7179,1,-1,-1,-1
31,18,627.841,258.024,40.913,92.8407,1,-1,-1,-1
31,19,394.618,217.668,32.8781,74.6077,1,-1,-1,-1
32,9,653.228,250.335,40.053,90.889,1,-1,-1,-1
32,12,376.931,180.748,36.4776,82.7759,1,-1,-1,-1
32,14,610.212,258.08,40.6484,92.2401,1,-1,-1,-1
32,18,621.852,254.962,40.247,91.3297,1,-1,-1,-1
32,19,394.188,220.65,31.6318,71.7797,1,-1,-1,-1
33,12,377.687,180.919,36.4746,82.7689,1,-1,-1,-1
33,18,613.175,250.086,41.9614,95.2197,1,-1,-1,-1
33,19,396.508,203.229,39.4892,89.6096,1,-1,-1,-1
34,1,381.637,205.436,38.8168,88.0844,1,-1,-1,-1
34,12,377.261,176.904,38.6243,87.6472,1,-1,-1,-1
34,18,608.984,247.894,41.0453,93.141,1,-1,-1,-1
34,19,398.054,195.432,42.8457,97.2261,1,-1,-1,-1
35,1,385.446,187.537,37.9065,86.0186,1,-1,-1,-1
35,12,377.411,178.683,37.7936,85.7622,1,-1,-1,-1
35,18,603.752,247.198,40.5016,91.9073,1,-1,-1,-1
35,19,400.045,190.976,42.4482,96.3244,1,-1,-1,-1
35,20,630.037,245.51,41.243,93.5889,1,-1,-1,-1
36,1,384.092,179.959,39.3396,89.2708,1,-1,-1,-1
36,12,373.339,175.854,39.2809,89.1373,1,-1,-1,-1
36,18,598.313,243.183,42.1064,95.5488,1,-1,-1,-1
36,19,399.921,186.636,43.6825,99.125,1,-1,-1,-1
36,20,626.434,243.251,42.0548,95.431,1,-1,-1,-1
37,1,386.559,177.342,38.0902,86.4354,1,-1,-1,-1
37,12,370.944,174.3,40.0913,90.9763,1,-1,-1,-1
37,18,592.699,241.27,43.0416,97.6707,1,-1,-1,-1
37,19,404.288,187.919,42.3539,96.1105,1,-1,-1,-1
37,20,625.03,237.782,42.6,96.6682,1,-1,-1,-1
38,1,388.972,182.601,34.1232,77.4334,1,-1,-1,-1
38,12,370.295,174.687,38.4597,87.2738,1,-1,-1,-1
38,18,589.745,244.502,39.7552,90.2132,1,-1,-1,-1
38,19,406.689,189.511,41.3552,93.8442,1,-1,-1,-1
38,22,611.959,240.837,41.1072,93.2811,1,-1,-1,-1
39,1,390.279,186.72,31.6491,71.8193,1,-1,-1,-1
39,12,367.286,175.144,37.3899,84.8461,1,-1,-1,-1
39,18,586.121,242.855,39.6972,90.0818,1,-1,-1,-1
39,19,416.41,187.365,38.7109,87.8437,1,-1,-1,-1
39,22,607.528,231.451,42.4304,96.2836,1,-1,-1,-1
40,1,393.696,189.407,30.4046,68.9953,1,-1,-1,-1
40,12,372.678,178.953,35.1024,79.6553,1,-1,-1,-1
40,18,584.773,241.984,39.7886,90.2895,1,-1,-1,-1
40,19,423.994,182.387,39.1947,88.9418,1,-1,-1,-1
40,22,601.208,232.153,41.0229,93.0899,1,-1,-1,-1
41,1,391.324,185.588,31.6547,71.8321,1,-1,-1,-1
41,12,376.07,184.133,33.8056,76.7126,1,-1,-1,-1
41,19,428.758,183.837,37.5689,85.2523,1,-1,-1,-1
41,22,594.717,233.094,40.3234,91.5029,1,-1,-1,-1
41,25,569.288,235.719,39.2837,89.1438,1,-1,-1,-1
42,1,390.095,178.332,36.6313,83.1252,1,-1,-1,-1
42,19,433.456,187.305,33.4888,75.9939,1,-1,-1,-1
42,22,587.595,229.858,41.9422,95.1761,1,-1,-1,-1
42,24,371.216,177.486,33.5184,76.0608,1,-1,-1,-1
43,1,391.744,182.078,35.5422,80.6536,1,-1,-1,-1
43,19,436.575,187.383,32.6937,74.1896,1,-1,-1,-1
43,22,584.887,228.931,41.0422,93.1339,1,-1,-1,-1
43,24,372.576,177.368,33.5698,76.1773,1,-1,-1,-1
44,19,439.317,186.794,30.95,70.2329,1,-1,-1,-1
44,22,580.097,226.967,38.496,87.356,1,-1,-1,-1
44,24,372.976,177.26,33.617,76.2845,1,-1,-1,-1
45,12,384.173,182.645,33.3269,75.6263,1,-1,-1,-1
45,19,441.34,184.026,31.8491,72.2731,1,-1,-1,-1
45,22,574.604,224.447,39.078,88.6769,1,-1,-1,-1
45,24,372.964,177.171,33.6556,76.3722,1,-1,-1,-1
46,19,443.09,184.79,30.9937,70.3321,1,-1,-1,-1
46,22,572.74,225.025,37.5138,85.1273,1,-1,-1,-1
46,24,372.779,177.102,33.6855,76.44,1,-1,-1,-1
46,30,708.271,271.689,45.9551,104.28,1,-1,-1,-1
46,31,537.41,224.973,40.258,91.355,1,-1,-1,-1
47,19,443.608,182.478,30.6226,69.4901,1,-1,-1,-1
47,22,568.361,220.448,38.7621,87.9601,1,-1,-1,-1
47,24,371.955,179.345,32.1371,72.9264,1,-1,-1,-1
47,30,701.302,270.398,46.9111,106.449,1,-1,-1,-1
47,31,531.201,223.367,40.258,91.355,1,-1,-1,-1
48,19,443.497,181.2,30.5386,69.2995,1,-1,-1,-1
48,22,567.021,219.757,37.5351,85.1757,1,-1,-1,-1
48,24,369.104,178.318,32.8345,74.5089,1,-1,-1,-1
48,30,689.6,261.019,50.2885,114.114,1,-1,-1,-1
48,31,524.434,224.766,38.0242,86.2857,1,-1,-1,-1
48,32,431.854,174.545,31.7831,72.1235,1,-1,-1,-1
49,19,440.829,178.307,30.5942,69.4257,1,-1,-1,-1
49,22,563.4,219.735,36.8341,83.5849,1,-1,-1,-1
49,24,367.473,177.621,33.3077,75.5828,1,-1,-1,-1
49,30,684.38,260.288,49.1558,111.544,1,-1,-1,-1
49,31,518.668,223.892,39.0566,88.6286,1,-1,-1,-1
49,32,429.237,172.082,31.162,70.7141,1,-1,-1,-1
50,19,439.123,176.817,30.697,69.659,1,-1,-1,-1
50,22,558.902,219.991,36.5078,82.8445,1,-1,-1,-1
50,24,366.689,177.201,33.5919,76.2277,1,-1,-1,-1
50,30,677.825,252.261,51.0339,115.806,1,-1,-1,-1
50,31,512.829,220.035,39.6945,90.0762,1,-1,-1,-1
50,32,428.097,171.185,30.9055,70.1321,1,-1,-1,-1
51,22,549.882,216.838,36.4103,82.623,1,-1,-1,-1
51,24,366.423,176.984,33.7394,76.5624,1,-1,-1,-1
51,30,666.966,252.295,49.412,112.125,1,-1,-1,-1
51,31,506.916,219.733,38.0356,86.3116,1,-1,-1,-1
51,32,429.434,175.178,29.254,66.3841,1,-1,-1,-1
52,22,544.114,217.423,34.7269,78.8032,1,-1,-1,-1
52,24,366.429,176.896,33.7995,76.6987,1,-1,-1,-1
52,30,658.865,256.449,46.084,104.574,1,-1,-1,-1
52,31,500.981,216.416,37.0453,84.0642,1,-1,-1,-1
52,32,427.936,175.207,28.3804,64.4016,1,-1,-1,-1
53,22,539.923,215.68,35.5332,80.6328,1,-1,-1,-1
53,24,366.549,176.88,33.8106,76.7239,1,-1,-1,-1
53,30,653.775,255.943,46.4002,105.291,1,-1,-1,-1
53,31,498.487,214.737,36.5497,82.9395,1,-1,-1,-1
53,32,427.13,175.188,28.0028,63.5447,1,-1,-1,-1
54,22,536.643,213.652,34.3908,78.0404,1,-1,-1,-1
54,24,366.692,176.898,33.7987,76.6969,1,-1,-1,-1
54,30,650.346,255.155,44.4394,100.841,1,-1,-1,-1
54,31,495.06,214.085,36.3709,82.5338,1,-1,-1,-1
55,22,530.327,210.91,35.51,80.5802,1,-1,-1,-1
55,24,366.816,179.817,33.7796,76.6536,1,-1,-1,-1
55,30,643.076,251.3,45.753,103.822,1,-1,-1,-1
55,31,489.153,211.619,38.4765,87.3121,1,-1,-1,-1
56,22,524.504,206.109,36.2175,82.1856,1,-1,-1,-1
56,24,369.203,180.885,32.2012,73.072,1,-1,-1,-1
56,30,637.433,244.481,49.3598,112.007,1,-1,-1,-1
56,31,484.124,212.792,37.652,85.441,1,-1,-1,-1
57,1,388.536,165.719,41.6181,94.441,1,-1,-1,-1
57,22,521.355,205.938,34.9177,79.2362,1,-1,-1,-1
57,24,371.163,179.058,32.8639,74.5757,1,-1,-1,-1
57,30,628.842,241.541,48.7451,110.612,1,-1,-1,-1
57,31,479.089,210.856,37.1045,84.1986,1,-1,-1,-1
58,1,388.433,170.923,40.5777,92.0801,1,-1,-1,-1
58,22,517.481,206.307,34.11,77.4034,1,-1,-1,-1
58,24,371.56,177.233,35.0892,79.6255,1,-1,-1,-1
58,30,621.944,235.181,50.849,115.387,1,-1,-1,-1
58,31,475.196,211.561,35.1035,79.6577,1,-1,-1,-1
59,1,388.514,173.74,40.0702,90.9287,1,-1,-1,-1
59,22,512.472,204.468,35.4382,80.4171,1,-1,-1,-1
59,24,374.494,171.565,38.431,87.2088,1,-1,-1,-1
59,30,617.879,232.605,49.3797,112.052,1,-1,-1,-1
59,31,473.738,215.666,33.9393,77.016,1,-1,-1,-1
60,1,384.571,174.971,39.8957,90.5327,1,-1,-1,-1
60,22,507.378,203.613,36.2439,82.2454,1,-1,-1,-1
60,30,612.559,231.819,48.3574,109.732,1,-1,-1,-1
60,31,471.836,212.84,35.1603,79.7866,1,-1,-1,-1
61,1,389.346,179.328,37.8557,85.9034,1,-1,-1,-1
61,22,502.249,202.727,34.9817,79.3814,1,-1,-1,-1
61,30,605.784,231.943,47.7389,108.328,1,-1,-1,-1
61,31,467.809,207.609,35.9813,81.6496,1,-1,-1,-1
62,1,385.355,177.447,38.8217,88.0955,1,-1,-1,-1
62,22,496.569,199.525,35.9071,81.4811,1,-1,-1,-1
62,30,602.766,228.374,47.4223,107.609,1,-1,-1,-1
62,31,465.36,204.067,34.7697,78.9002,1,-1,-1,-1
63,1,382.99,175.956,39.5168,89.6729,1,-1,-1,-1
63,22,494.059,197.869,36.4541,82.7226,1,-1,-1,-1
63,24,371.549,178.046,35.8674,81.3918,1,-1,-1,-1
63,30,601.952,226.587,47.2999,107.332,1,-1,-1,-1
63,31,464.464,205.26,34.0314,77.2249,1,-1,-1,-1
64,1,380.035,171.412,41.854,94.9761,1,-1,-1,-1
64,22,489.931,197.201,36.734,83.3577,1,-1,-1,-1
64,24,368.645,181.251,34.1323,77.4542,1,-1,-1,-1
64,30,598.749,227.036,44.9962,102.104,1,-1,-1,-1
64,31,464.405,206.332,33.6529,76.3659,1,-1,-1,-1
64,38,339.632,169.944,29.06,65.9438,1,-1,-1,-1
65,1,380.323,172.292,41.2925,93.7021,1,-1,-1,-1
65,22,488.138,198.667,33.6677,76.3996,1,-1,-1,-1
65,24,367.096,182.788,33.2899,75.5426,1,-1,-1,-1
65,30,596.874,222.433,46.0252,104.439,1,-1,-1,-1
65,31,461.817,204.237,33.5078,76.0368,1,-1,-1,-1
65,38,331.668,171.128,28.2789,64.1713,1,-1,-1,-1
66,1,380.655,155.944,47.8992,108.694,1,-1,-1,-1
66,22,484.32,195.196,35.0833,79.6119,1,-1,-1,-1
66,24,368.747,182.705,31.4217,71.3033,1,-1,-1,-1
66,30,593.424,221.147,44.4357,100.833,1,-1,-1,-1
66,31,457.089,203.1,33.4923,76.0015,1,-1,-1,-1
66,38,325.495,171.54,28.006,63.5518,1,-1,-1,-1
66,39,443.062,209.688,31.5763,71.6539,1,-1,-1,-1
67,22,483.81,196.194,34.273,77.7731,1,-1,-1,-1
67,24,369.925,182.36,30.508,69.2299,1,-1,-1,-1
67,30,590.715,214.976,45.9079,104.173,1,-1,-1,-1
67,31,451.754,196.772,35.2953,80.093,1,-1,-1,-1
67,38,317.698,171.613,27.9581,63.443,1,-1,-1,-1
67,39,438.449,202.075,34.9165,79.2335,1,-1,-1,-1
68,22,483.453,198.691,32.2557,73.1957,1,-1,-1,-1
68,24,368.297,182.444,31.872,72.3251,1,-1,-1,-1
68,30,589.638,211.777,46.838,106.284,1,-1,-1,-1
68,31,449.152,196.237,34.6087,78.5349,1,-1,-1,-1
68,38,310.825,172.697,26.6311,60.4318,1,-1,-1,-1
68,39,437.55,201.953,34.4348,78.1405,1,-1,-1,-1
69,22,487.051,209.381,28.3411,64.3125,1,-1,-1,-1
69,24,369.674,181.847,31.2052,70.812,1,-1,-1,-1
69,30,586.557,212.172,45.0709,102.274,1,-1,-1,-1
69,31,445.334,193.475,35.8659,81.3877,1,-1,-1,-1
69,38,303.909,172.041,27.3317,62.0217,1,-1,-1,-1
70,24,370.529,181.427,30.8729,70.058,1,-1,-1,-1
70,30,583.411,207.144,46.3126,105.091,1,-1,-1,-1
70,31,443.06,188.705,38.6564,87.7201,1,-1,-1,-1
70,38,296.387,171.56,27.8305,63.1535,1,-1,-1,-1
71,24,370.987,181.163,30.7535,69.7872,1,-1,-1,-1
71,30,579.68,206.303,44.7657,101.582,1,-1,-1,-1
71,31,442.84,189.739,36.4523,82.7185,1,-1,-1,-1
71,38,289.647,165.997,29.6986,67.3928,1,-1,-1,-1
71,43,474.335,187.759,36.1018,81.9231,1,-1,-1,-1
72,24,371.183,181.018,30.7496,69.7783,1,-1,-1,-1
72,30,579.109,207.999,42.0219,95.3561,1,-1,-1,-1
72,31,439.755,187.451,36.6179,83.0943,1,-1,-1,-1
72,38,285.12,169.14,27.9151,63.3458,1,-1,-1,-1
72,43,473.358,182.024,36.9004,83.7352,1,-1,-1,-1
73,24,371.228,180.953,30.7952,69.8818,1,-1,-1,-1
73,30,574.65,207.639,42.316,96.0234,1,-1,-1,-1
73,31,438.861,186.358,35.016,79.4592,1,-1,-1,-1
73,38,278.416,170.155,28.0892,63.7408,1,-1,-1,-1
73,43,472.951,179.796,37.153,84.3083,1,-1,-1,-1
74,24,368.87,178.583,32.4772,73.6986,1,-1,-1,-1
74,30,573.01,205.832,40.8195,92.628,1,-1,-1,-1
74,31,438.144,182.571,35.7874,81.2096,1,-1,-1,-1
74,38,273.191,170.757,28.2189,64.0348,1,-1,-1,-1
74,43,472.798,179.118,37.1778,84.3647,1,-1,-1,-1
75,24,367.505,180.18,33.4171,75.8314,1,-1,-1,-1
75,30,572.531,204.919,40.0549,90.8933,1,-1,-1,-1
75,31,438.02,180.656,36.2968,82.3654,1,-1,-1,-1
75,38,266.512,168.714,29.8462,67.7277,1,-1,-1,-1
75,43,472.771,179.182,37.1023,84.1933,1,-1,-1,-1
76,1,382.072,144.602,52.1446,118.328,1,-1,-1,-1
76,24,366.829,181.237,33.8696,76.858,1,-1,-1,-1
76,30,569.646,195.666,44.1357,100.153,1,-1,-1,-1
76,31,443.249,181.373,32.0198,72.6599,1,-1,-1,-1
76,38,260.704,169.825,29.2419,66.3563,1,-1,-1,-1
76,43,474.474,182.3,33.8142,76.7322,1,-1,-1,-1
77,24,368.871,181.214,32.4829,73.7115,1,-1,-1,-1
77,30,566.624,193.63,44.0976,100.066,1,-1,-1,-1
77,31,445.959,180.722,30.7632,69.8088,1,-1,-1,-1
77,38,253.113,170.539,28.8034,65.3613,1,-1,-1,-1
77,43,471.415,177.342,37.2916,84.6234,1,-1,-1,-1
77,47,262.433,174.864,28.1618,63.9053,1,-1,-1,-1
78,24,370.179,181.181,31.5709,71.642,1,-1,-1,-1
78,30,566.351,191.838,42.1506,95.6487,1,-1,-1,-1
78,31,443.244,181.027,31.9178,72.4287,1,-1,-1,-1
78,43,473.651,178.552,34.0552,77.2794,1,-1,-1,-1
78,47,256.316,174.756,28.0001,63.5385,1,-1,-1,-1
78,48,431.36,186.36,32.8917,74.6391,1,-1,-1,-1
79,24,368.579,181.69,32.6709,74.1379,1,-1,-1,-1
79,30,567.13,194.159,38.9326,88.3465,1,-1,-1,-1
79,31,441.437,178.475,32.7675,74.357,1,-1,-1,-1
79,43,469.913,176.764,35.2903,80.0819,1,-1,-1,-1
79,47,254.06,174.757,28.0007,63.5397,1,-1,-1,-1
79,48,428.762,182.876,33.6961,76.4643,1,-1,-1,-1
80,24,369.893,181.392,31.7605,72.0721,1,-1,-1,-1
80,30,563.829,193.113,39.1041,88.7359,1,-1,-1,-1
80,31,440.383,174.212,33.3173,75.6046,1,-1,-1,-1
80,43,470.026,176.377,32.8383,74.5178,1,-1,-1,-1
80,47,253.495,174.797,28.0623,63.6795,1,-1,-1,-1
81,24,368.358,181.754,32.815,74.465,1,-1,-1,-1
81,30,562.06,189.177,39.4156,89.4429,1,-1,-1,-1
81,31,441.005,177.139,32.0647,72.7622,1,-1,-1,-1
81,43,470.305,176.411,31.361,71.1656,1,-1,-1,-1
81,47,253.699,173.044,29.7189,67.439,1,-1,-1,-1
82,24,367.436,181.969,33.4374,75.8772,1,-1,-1,-1
82,30,561.301,187.069,39.7202,90.1342,1,-1,-1,-1
82,31,443.208,173.967,32.9006,74.6589,1,-1,-1,-1
82,43,470.576,176.572,30.6368,69.5223,1,-1,-1,-1
82,47,254.247,172.137,30.6306,69.5079,1,-1,-1,-1
83,24,365.158,177.292,37.666,85.4729,1,-1,-1,-1
83,30,562.225,186.039,36.2968,82.3659,1,-1,-1,-1
83,31,444.509,172.232,33.4172,75.8312,1,-1,-1,-1
83,43,473.093,175.578,28.884,65.5444,1,-1,-1,-1
83,47,252.521,171.738,31.0763,70.5195,1,-1,-1,-1
83,48,431.673,184.449,28.6977,65.1215,1,-1,-1,-1
84,24,364.031,174.806,39.8378,90.4015,1,-1,-1,-1
84,30,558.365,181.779,38.0788,86.4095,1,-1,-1,-1
84,31,446.302,171.425,32.1335,72.9184,1,-1,-1,-1
84,43,475.119,173.292,29.5614,67.0817,1,-1,-1,-1
84,47,253.979,173.312,29.7719,67.5593,1,-1,-1,-1
84,48,431.294,181.456,28.0076,63.5556,1,-1,-1,-1
84,50,460.123,182.277,29.9198,67.895,1,-1,-1,-1
85,24,365.204,178.036,37.2256,84.4736,1,-1,-1,-1
85,30,557.958,176.665,41.1829,93.4533,1,-1,-1,-1
85,31,447.21,171.221,31.3385,71.1144,1,-1,-1,-1
85,43,476.155,172.065,30.1364,68.3868,1,-1,-1,-1
85,47,255.018,179.547,28.9151,65.6149,1,-1,-1,-1
85,48,432.205,175.575,29.3593,66.6231,1,-1,-1,-1
86,24,368.354,179.576,33.8668,76.8518,1,-1,-1,-1
86,30,556.3,177.133,41.0413,93.132,1,-1,-1,-1
86,31,449.272,168.376,32.5441,73.8503,1,-1,-1,-1
86,43,479.453,171.537,30.5494,69.3239,1,-1,-1,-1
86,47,258.553,185.414,28.4321,64.5188,1,-1,-1,-1
86,48,433.904,184.509,27.395,62.1656,1,-1,-1,-1
86,52,268.354,183.053,28.2332,64.0672,1,-1,-1,-1
87,24,370.283,180.645,31.7453,72.0376,1,-1,-1,-1
87,30,555.539,174.449,40.8215,92.6334,1,-1,-1,-1
87,31,451.451,166.901,31.6993,71.9332,1,-1,-1,-1
87,43,481.162,171.411,30.8102,69.9157,1,-1,-1,-1
87,48,438.882,177.821,29.1976,66.2563,1,-1,-1,-1
87,52,267.307,185.789,30.1244,68.359,1,-1,-1,-1
88,24,371.823,178.858,32.2813,73.2538,1,-1,-1,-1
88,30,557.039,169.74,42.4792,96.3949,1,-1,-1,-1
88,31,452.487,166.307,31.1877,70.7725,1,-1,-1,-1
88,43,481.851,168.589,30.9542,70.2425,1,-1,-1,-1
88,48,435.274,177.903,28.7696,65.2848,1,-1,-1,-1
88,53,274.834,180.358,31.2815,70.9852,1,-1,-1,-1
89,24,372.508,177.722,32.8055,74.4433,1,-1,-1,-1
89,30,559.807,167.39,41.5334,94.2487,1,-1,-1,-1
89,31,455.716,163.312,30.9263,70.1793,1,-1,-1,-1
89,43,481.966,164.182,31.0198,70.3915,1,-1,-1,-1
89,48,429.632,159.435,37.9426,86.1002,1,-1,-1,-1
89,53,274.652,179.988,31.4004,71.2551,1,-1,-1,-1
90,24,372.694,177.097,33.2149,75.3722,1,-1,-1,-1
90,30,561.428,166.531,40.8665,92.7356,1,-1,-1,-1
90,31,460.233,161.779,30.8263,69.9523,1,-1,-1,-1
90,43,484.129,161.874,31.0391,70.4353,1,-1,-1,-1
91,1,384.524,181.904,34.208,77.626,1,-1,-1,-1
91,24,372.631,176.814,33.492,76.001,1,-1,-1,-1
91,30,562.231,166.474,40.4568,91.8059,1,-1,-1,-1
91,31,461.913,163.468,29.3236,66.5421,1,-1,-1,-1
91,43,485.221,160.927,31.0349,70.4258,1,-1,-1,-1
91,54,288.951,186,30.979,70.299,1,-1,-1,-1
92,1,387.129,178.049,37.212,84.4428,1,-1,-1,-1
92,24,371.879,176.117,35.4116,80.357,1,-1,-1,-1
92,30,562.523,163.296,40.2418,91.318,1,-1,-1,-1
92,31,465.338,164.729,28.467,64.5982,1,-1,-1,-1
92,43,488.526,160.747,31.0217,70.3958,1,-1,-1,-1
92,54,288.227,187.373,29.1712,66.1963,1,-1,-1,-1
92,56,473.47,171.504,28.03,63.6064,1,-1,-1,-1
93,1,388.059,180.288,35.2683,80.032,1,-1,-1,-1
93,24,375.436,176.393,34.753,78.8624,1,-1,-1,-1
93,30,566.008,161.69,40.1541,91.119,1,-1,-1,-1
93,31,466.901,160.858,29.6311,67.2399,1,-1,-1,-1
93,43,491.366,157.43,32.6246,74.0331,1,-1,-1,-1
93,54,289.689,186.694,30.0593,68.2116,1,-1,-1,-1
93,56,477.326,168.201,27.8967,63.3039,1,-1,-1,-1
94,1,388.455,181.624,34.0973,77.3746,1,-1,-1,-1
94,24,377.464,176.637,34.262,77.7483,1,-1,-1,-1
94,30,567.887,161.076,40.1384,91.0835,1,-1,-1,-1
94,31,467.382,158.652,30.3861,68.9533,1,-1,-1,-1
94,43,494.973,159.128,30.4933,69.1964,1,-1,-1,-1
94,54,293.346,192.362,30.558,69.3436,1,-1,-1,-1
94,59,303.176,190.863,31.163,70.7162,1,-1,-1,-1
95,24,377.843,176.217,35.684,80.975,1,-1,-1,-1
95,30,568.703,161.007,40.1564,91.1244,1,-1,-1,-1
95,31,470.195,154.704,30.8205,69.9392,1,-1,-1,-1
95,43,501.933,158.176,29.1092,66.0554,1,-1,-1,-1
95,59,305.444,187.946,33.2406,75.4308,1,-1,-1,-1
96,24,374.938,179.461,34.7752,78.9128,1,-1,-1,-1
96,30,572.882,161.028,36.5457,82.9308,1,-1,-1,-1
96,31,471.535,151.505,32.6504,74.0914,1,-1,-1,-1
96,59,305.545,189.288,32.3199,73.3414,1,-1,-1,-1
97,24,376.581,178.469,34.1701,77.5397,1,-1,-1,-1
97,30,575.141,161.374,34.3236,77.8882,1,-1,-1,-1
97,31,471.995,148.328,32.0445,72.7166,1,-1,-1,-1
97,59,316.815,193.137,31.7244,71.9903,1,-1,-1,-1
97,60,314.325,200.465,30.9339,70.1965,1,-1,-1,-1
98,1,387.356,181.503,33.4206,75.839,1,-1,-1,-1
98,24,377.568,177.752,33.821,76.7475,1,-1,-1,-1
98,30,576.06,156.435,34.9937,79.4088,1,-1,-1,-1
98,59,325.533,195.251,31.3395,71.117,1,-1,-1,-1
98,60,316.886,202.047,30.6857,69.6332,1,-1,-1,-1
98,61,497.288,160.675,28.364,64.364,1,-1,-1,-1
99,24,378.073,177.297,33.6539,76.3682,1,-1,-1,-1
99,30,579.132,158.875,33.8849,76.8926,1,-1,-1,-1
99,43,512.547,158.445,28.0462,63.643,1,-1,-1,-1
99,59,333.717,199.149,29.6224,67.2202,1,-1,-1,-1
99,60,323.071,205.593,29.0037,65.8163,1,-1,-1,-1
99,61,495.845,161.596,28.364,64.364,1,-1,-1,-1
100,24,378.271,177.044,33.5988,76.2432,1,-1,-1,-1
100,30,580.588,155.301,35.1426,79.7465,1,-1,-1,-1
100,43,511.737,155.102,29.6614,67.3084,1,-1,-1,-1
100,59,341.483,201.184,30.1411,68.3973,1,-1,-1,-1
100,60,330.258,206.468,29.8006,67.6246,1,-1,-1,-1
100,61,495.35,159.434,28.364,64.364,1,-1,-1,-1
100,62,487.846,151.322,28.9323,65.6542,1,-1,-1,-1
101,24,378.299,176.928,33.6026,76.2518,1,-1,-1,-1
101,30,583.981,155.075,34.2566,77.7359,1,-1,-1,-1
101,43,513.733,153.28,29.0817,65.9928,1,-1,-1,-1
101,59,347.153,200.215,32.1708,73.0032,1,-1,-1,-1
101,60,335.471,199.454,32.0189,72.6584,1,-1,-1,-1
101,62,491.69,152.504,28.1765,63.939,1,-1,-1,-1
102,24,378.25,176.894,33.6304,76.3148,1,-1,-1,-1
102,30,586.189,150.52,35.5162,80.5943,1,-1,-1,-1
102,43,514.624,149.55,30.2119,68.5578,1,-1,-1,-1
102,59,352.796,199.396,33.3078,75.5831,1,-1,-1,-1
102,60,341.266,205.165,31.6455,71.8111,1,-1,-1,-1
102,62,495.686,150.457,27.9298,63.3788,1,-1,-1,-1
103,24,374.709,176.901,33.6626,76.3879,1,-1,-1,-1
103,30,589.396,149.82,34.568,78.4426,1,-1,-1,-1
103,43,517.772,147.675,30.8326,69.9663,1,-1,-1,-1
103,59,357.91,198.777,33.8619,76.8403,1,-1,-1,-1
103,62,497.318,146.984,27.9053,63.3232,1,-1,-1,-1
103,64,505.063,154.603,28.364,64.364,1,-1,-1,-1
103,66,423.867,176.499,33.9648,77.0738,1,-1,-1,-1
104,24,374.958,176.894,32.1264,72.9021,1,-1,-1,-1
104,30,592.025,144.552,35.7259,81.07,1,-1,-1,-1
104,43,522.246,146.956,31.1203,70.6193,1,-1,-1,-1
104,59,365.063,202.356,32.5203,73.7963,1,-1,-1,-1
104,62,500.077,143.959,29.5642,67.088,1,-1,-1,-1
104,66,423.896,176.609,33.9135,76.9573,1,-1,-1,-1
104,67,374.754,208.41,31.7104,71.9584,1,-1,-1,-1
105,24,377.601,174.05,31.2185,70.8422,1,-1,-1,-1
105,30,594.86,144.114,34.6997,78.7415,1,-1,-1,-1
105,43,526.162,149.612,28.4626,64.5884,1,-1,-1,-1
105,59,371.172,204.428,31.6213,71.7562,1,-1,-1,-1
105,62,501.811,143.693,28.9923,65.79,1,-1,-1,-1
105,66,422.634,176.048,35.7903,81.2163,1,-1,-1,-1
105,67,380.303,204.102,30.8898,70.0963,1,-1,-1,-1
106,24,377.411,171.127,34.2253,77.6652,1,-1,-1,-1
106,30,599.559,144.327,34.0581,77.2855,1,-1,-1,-1
106,43,530.346,149.221,28.1088,63.7854,1,-1,-1,-1
106,61,496.397,147.768,28.8231,65.4059,1,-1,-1,-1
106,62,507.009,143.848,28.6213,64.9481,1,-1,-1,-1
106,66,423.237,179.445,34.8871,79.1666,1,-1,-1,-1
106,67,385.455,204.614,30.6032,69.4461,1,-1,-1,-1
107,24,377.868,173.808,34.1957,77.5978,1,-1,-1,-1
107,30,601.839,144.765,33.7161,76.5094,1,-1,-1,-1
107,43,534.555,149.004,26.6519,60.4793,1,-1,-1,-1
107,62,509.597,140.652,29.9484,67.9597,1,-1,-1,-1
107,64,521.136,146.35,28.364,64.364,1,-1,-1,-1
107,67,389.204,203.616,32.2661,73.2194,1,-1,-1,-1
108,24,374.619,175.595,34.088,77.3534,1,-1,-1,-1
108,30,605.52,142.314,33.5736,76.1861,1,-1,-1,-1
108,43,538.747,148.941,25.8769,58.7207,1,-1,-1,-1
108,62,513.459,139.548,29.2037,66.2697,1,-1,-1,-1
108,64,523.953,144.588,28.364,64.364,1,-1,-1,-1
108,67,393.481,203.12,33.1945,75.3261,1,-1,-1,-1
109,24,372.71,176.637,33.9691,77.0837,1,-1,-1,-1
109,30,608.308,138.074,35.3057,80.1165,1,-1,-1,-1
109,43,541.126,146.568,26.9824,61.2292,1,-1,-1,-1
109,62,517.515,139.181,28.7114,65.1524,1,-1,-1,-1
109,64,527.261,143.931,28.364,64.364,1,-1,-1,-1
110,24,368.868,177.151,33.8698,76.8583,1,-1,-1,-1
110,30,612.862,139.846,33.0671,75.0369,1,-1,-1,-1
110,43,544.217,145.259,27.7202,62.9033,1,-1,-1,-1
110,62,522.217,139.198,28.4296,64.513,1,-1,-1,-1
110,64,530.916,143.876,28.364,64.364,1,-1,-1,-1
111,24,366.864,177.337,33.7991,76.6979,1,-1,-1,-1
111,30,616.2,140.145,33.2311,75.4091,1,-1,-1,-1
111,43,545.479,144.661,28.1576,63.8958,1,-1,-1,-1
111,62,524.362,139.371,28.2964,64.2106,1,-1,-1,-1
111,64,534.776,146.372,27.0203,61.3149,1,-1,-1,-1
111,70,423.783,180.468,43.9832,99.8072,1,-1,-1,-1
112,24,365.453,177.312,32.1946,73.057,1,-1,-1,-1
112,30,619.295,139.276,31.8252,72.2189,1,-1,-1,-1
112,43,549.743,144.451,27.0418,61.3639,1,-1,-1,-1
112,62,527.3,137.26,28.2539,64.1143,1,-1,-1,-1
112,70,429.2,190.983,39.5606,89.7715,1,-1,-1,-1
113,24,362.663,177.25,32.8475,74.5386,1,-1,-1,-1
113,30,620.551,138.876,31.0378,70.4321,1,-1,-1,-1
113,43,554.12,144.491,26.3425,59.7771,1,-1,-1,-1
113,62,530.78,138.979,26.9119,61.0691,1,-1,-1,-1
113,70,437.329,203.52,33.8952,76.9159,1,-1,-1,-1
114,24,361.352,177.176,33.3008,75.5672,1,-1,-1,-1
114,30,623.655,138.74,30.6873,69.6369,1,-1,-1,-1
114,43,557.293,141.699,27.3641,62.0952,1,-1,-1,-1
114,62,533.416,135.995,29.1055,66.0469,1,-1,-1,-1
114,70,448.046,208.661,32.5601,73.8862,1,-1,-1,-1
115,24,363.234,179.4,32.0092,72.6364,1,-1,-1,-1
115,30,626.747,133.479,32.2365,73.1523,1,-1,-1,-1
115,43,562.043,143.069,26.6287,60.4265,1,-1,-1,-1
115,62,534.467,134.383,30.3659,68.9073,1,-1,-1,-1
115,70,455.765,210.671,32.214,73.1007,1,-1,-1,-1
115,74,374.662,185.252,31.9164,72.426,1,-1,-1,-1
116,24,364.605,180.685,31.2358,70.8814,1,-1,-1,-1
116,30,628.692,135.773,31.5854,71.6749,1,-1,-1,-1
116,43,564.247,141.738,26.1828,59.4147,1,-1,-1,-1
116,62,538.649,134.765,29.5249,66.9986,1,-1,-1,-1
116,70,462.334,210.987,32.3698,73.4544,1,-1,-1,-1
116,74,375.59,186.43,31.2682,70.9551,1,-1,-1,-1
117,30,631.676,132.184,32.7907,74.4098,1,-1,-1,-1
117,43,566.642,138.106,27.3486,62.06,1,-1,-1,-1
117,62,542.403,135.706,27.611,62.6557,1,-1,-1,-1
117,70,470.618,210.514,32.7133,74.2339,1,-1,-1,-1
117,74,372.794,186.789,30.9845,70.3114,1,-1,-1,-1
118,30,636.469,132.531,31.9043,72.3985,1,-1,-1,-1
118,43,570.415,139.04,26.6757,60.5332,1,-1,-1,-1
118,62,547.598,132.946,27.7992,63.0826,1,-1,-1,-1
118,70,479.972,212.691,33.0666,75.0356,1,-1,-1,-1
118,74,368.952,184.343,32.5672,73.9027,1,-1,-1,-1
119,30,638.809,132.988,31.3327,71.1015,1,-1,-1,-1
119,43,574.442,139.842,26.2478,59.5622,1,-1,-1,-1
119,62,551.23,134.842,26.6348,60.4403,1,-1,-1,-1
119,70,487.02,213.674,33.3512,75.6814,1,-1,-1,-1
119,74,367.022,182.932,33.4095,75.814,1,-1,-1,-1
119,77,559.393,139.368,26.6915,60.5689,1,-1,-1,-1
119,78,709.735,219.859,39.5391,89.7233,1,-1,-1,-1
120,30,642.522,130.501,31.0156,70.3819,1,-1,-1,-1
120,43,576.244,137.503,27.405,62.188,1,-1,-1,-1
120,62,553.867,132.608,27.3881,62.1496,1,-1,-1,-1
120,70,496.144,213.95,33.5484,76.1289,1,-1,-1,-1
120,74,366.212,182.167,33.8183,76.7417,1,-1,-1,-1
120,77,562.32,137.008,27.8255,63.1422,1,-1,-1,-1
120,78,699.165,219.444,38.0502,86.3444,1,-1,-1,-1
121,30,647.078,129.145,30.8733,70.0589,1,-1,-1,-1
121,43,580.204,132.129,29.6299,67.2369,1,-1,-1,-1
121,62,557.117,129.028,27.9007,63.3129,1,-1,-1,-1
121,70,505.95,213.872,33.6685,76.4015,1,-1,-1,-1
121,74,366.031,181.812,33.9714,77.089,1,-1,-1,-1
121,78,687.02,213.161,39.5584,89.7672,1,-1,-1,-1
122,30,649.19,128.544,30.8348,69.9717,1,-1,-1,-1
122,43,585.488,133.802,28.0043,63.5482,1,-1,-1,-1
122,62,561.356,127.105,28.2092,64.0129,1,-1,-1,-1
122,70,516.662,213.66,33.7317,76.5449,1,-1,-1,-1
122,74,366.152,181.701,33.9866,77.1235,1,-1,-1,-1
122,78,672.207,194.219,47.702,108.247,1,-1,-1,-1
123,30,652.709,123.141,32.4735,73.6901,1,-1,-1,-1
123,43,590.354,132.883,26.8791,60.9948,1,-1,-1,-1
123,62,565.59,126.273,28.3701,64.3779,1,-1,-1,-1
123,70,524.91,214.559,35.5076,80.5747,1,-1,-1,-1
123,74,369.268,181.715,33.9405,77.0189,1,-1,-1,-1
123,78,659.157,202.18,43.0086,97.5962,1,-1,-1,-1
124,30,656.573,122.544,31.8193,72.2056,1,-1,-1,-1
124,43,592.547,132.537,26.2085,59.4731,1,-1,-1,-1
124,62,570.336,127.196,27.0986,61.4927,1,-1,-1,-1
124,70,533.41,217.35,34.7742,78.9106,1,-1,-1,-1
124,74,373.439,184.052,32.3232,73.3488,1,-1,-1,-1
124,78,650.826,208.18,39.6668,90.0129,1,-1,-1,-1
125,30,658.292,122.595,31.3669,71.1792,1,-1,-1,-1
125,43,593.72,131.301,27.275,61.8932,1,-1,-1,-1
125,62,577.105,129.123,27.6929,62.8412,1,-1,-1,-1
125,70,541.536,216.552,35.9722,81.629,1,-1,-1,-1
125,74,376.888,183.143,32.9397,74.7477,1,-1,-1,-1
125,78,644.529,212.188,37.5698,85.2542,1,-1,-1,-1
126,30,661.627,124.604,29.6166,67.2069,1,-1,-1,-1
126,43,593.868,128.419,27.9363,63.3937,1,-1,-1,-1
126,62,582.659,131.47,26.7219,60.638,1,-1,-1,-1
126,70,547.751,215.912,36.6156,83.0891,1,-1,-1,-1
126,74,378.573,182.528,33.3589,75.699,1,-1,-1,-1
126,78,639.133,211.605,36.47,82.7585,1,-1,-1,-1
127,30,663.128,125.982,28.5865,64.8694,1,-1,-1,-1
127,43,595.272,128.049,26.9534,61.1634,1,-1,-1,-1
127,62,587.39,132.787,26.1525,59.346,1,-1,-1,-1
127,70,553.484,215.458,36.9022,83.7393,1,-1,-1,-1
127,74,379.167,182.162,33.6103,76.2696,1,-1,-1,-1
127,78,631.09,211.041,36.0452,81.7947,1,-1,-1,-1
127,82,579.032,128.966,25.8174,58.5855,1,-1,-1,-1
128,30,666.405,122.692,29.6482,67.2787,1,-1,-1,-1
128,43,600.44,128.101,26.3317,59.7525,1,-1,-1,-1
128,62,593.933,133.391,25.877,58.7208,1,-1,-1,-1
128,70,565.426,218.642,36.9823,83.9211,1,-1,-1,-1
128,74,379.178,181.975,33.7404,76.5646,1,-1,-1,-1
128,78,620.123,204.14,38.1341,86.535,1,-1,-1,-1
128,82,583.74,124.883,27.3692,62.1067,1,-1,-1,-1
129,30,670.227,120.763,30.359,68.8918,1,-1,-1,-1
129,43,603.148,128.313,25.9965,58.9919,1,-1,-1,-1
129,62,596.913,133.567,25.7853,58.5128,1,-1,-1,-1
129,70,574.667,220.469,36.9595,83.8694,1,-1,-1,-1
129,74,378.941,181.902,33.793,76.6839,1,-1,-1,-1
129,78,611.609,200.211,39.418,89.4485,1,-1,-1,-1
129,82,587.404,124.404,26.562,60.2751,1,-1,-1,-1
130,30,674.304,121.511,29.2875,66.4601,1,-1,-1,-1
130,43,606.573,128.545,25.8545,58.6697,1,-1,-1,-1
130,70,581.524,221.349,36.898,83.7297,1,-1,-1,-1
130,74,378.648,181.891,33.8022,76.7049,1,-1,-1,-1
130,78,605.775,201.173,38.0981,86.4534,1,-1,-1,-1
130,82,593.625,126.741,26.1412,59.3202,1,-1,-1,-1
130,83,586.002,126.187,25.8174,58.5855,1,-1,-1,-1
131,30,678.467,120.948,27.305,61.9613,1,-1,-1,-1
131,43,610.418,126.424,25.8244,58.6014,1,-1,-1,-1
131,70,587.511,213.992,40.8626,92.7262,1,-1,-1,-1
131,74,377.219,184.185,32.2326,73.1432,1,-1,-1,-1
131,83,589.061,120.207,27.3692,62.1067,1,-1,-1,-1
132,30,682.669,118.463,26.1523,59.3455,1,-1,-1,-1
132,43,614.473,125.237,25.8478,58.6547,1,-1,-1,-1
132,70,599.567,217.203,39.1372,88.8108,1,-1,-1,-1
132,74,374.059,183.227,32.8915,74.6384,1,-1,-1,-1
132,83,591.919,119.632,26.562,60.2751,1,-1,-1,-1
133,30,683.29,115.812,28.6414,64.9941,1,-1,-1,-1
133,43,616.291,124.687,25.8891,58.7482,1,-1,-1,-1
133,70,608.259,219.36,37.8895,85.9795,1,-1,-1,-1
133,74,372.305,182.575,33.3381,75.6517,1,-1,-1,-1
133,83,592.898,119.642,26.1412,59.3202,1,-1,-1,-1
134,30,686.572,115.734,27.2485,61.8332,1,-1,-1,-1
134,43,619.106,124.519,25.9292,58.8394,1,-1,-1,-1
134,70,618.817,220.622,37.1071,84.2041,1,-1,-1,-1
134,74,371.503,182.184,33.6051,76.2577,1,-1,-1,-1
134,83,595.306,119.897,25.9397,58.8631,1,-1,-1,-1
135,30,688.632,116.559,27.7539,62.9799,1,-1,-1,-1
135,43,620.258,123.361,27.3543,62.073,1,-1,-1,-1
135,70,626.407,224.707,36.6892,83.256,1,-1,-1,-1
135,74,371.267,184.872,33.7427,76.5699,1,-1,-1,-1
135,83,597.402,118.441,27.2712,61.8845,1,-1,-1,-1
136,30,691.101,118.927,26.7346,60.667,1,-1,-1,-1
136,43,620.49,123.964,26.7871,60.7859,1,-1,-1,-1
136,70,632.79,226.903,36.515,82.8605,1,-1,-1,-1
136,83,599.367,117.173,26.673,60.5271,1,-1,-1,-1
137,30,691.505,116.795,29.1096,66.0566,1,-1,-1,-1
137,43,620.284,122.123,26.3829,59.8688,1,-1,-1,-1
137,70,641.474,227.849,36.4806,82.7826,1,-1,-1,-1
137,83,602.436,118.92,26.2792,59.6334,1,-1,-1,-1
137,87,713.407,249,43.462,98.624,1,-1,-1,-1
138,1,377.333,187.001,33.7394,76.5623,1,-1,-1,-1
138,30,695.442,115.015,28.9254,65.6383,1,-1,-1,-1
138,43,622.246,121.118,26.1318,59.2991,1,-1,-1,-1
138,70,652.184,228.074,36.5125,82.855,1,-1,-1,-1
138,83,606.16,117.774,26.0538,59.122,1,-1,-1,-1
138,87,700.721,248.971,41.2431,93.5895,1,-1,-1,-1
139,1,376.698,183.442,35.5128,80.5866,1,-1,-1,-1
139,30,697.423,114.056,28.7325,65.2006,1,-1,-1,-1
139,43,625.542,120.67,25.9981,58.9955,1,-1,-1,-1
139,70,659.965,227.948,36.5658,82.9759,1,-1,-1,-1
139,83,607.904,117.132,25.9471,58.8798,1,-1,-1,-1
139,87,688.038,244.491,42.3309,96.0578,1,-1,-1,-1
139,88,533.329,194.429,33.5004,76.0199,1,-1,-1,-1
139,90,615.676,121.839,26,59,1,-1,-1,-1
140,1,376.507,181.5,36.4642,82.7455,1,-1,-1,-1
140,30,699.311,115.333,27.2442,61.8234,1,-1,-1,-1
140,43,627.232,120.549,25.9418,58.8679,1,-1,-1,-1
140,70,668.24,228.826,34.9231,79.2483,1,-1,-1,-1
140,83,610.766,116.834,25.9128,58.8021,1,-1,-1,-1
140,87,677.812,237.393,45.443,103.119,1,-1,-1,-1
140,88,526.161,193.342,33.3169,75.6036,1,-1,-1,-1
141,1,379.992,184.027,35.219,79.9198,1,-1,-1,-1
141,30,702.369,116.245,26.3343,59.7585,1,-1,-1,-1
141,43,630.21,118.279,25.93,58.8412,1,-1,-1,-1
141,70,674.455,232.437,39.8442,90.4151,1,-1,-1,-1
141,83,614.334,114.43,25.9163,58.81,1,-1,-1,-1
141,87,662.487,238.595,44.6949,101.422,1,-1,-1,-1
141,88,517.452,188.999,35.2723,80.0409,1,-1,-1,-1
141,91,422.951,182,33.73,76.541,1,-1,-1,-1
142,1,382.081,185.713,34.3772,78.0096,1,-1,-1,-1
142,30,702.622,112.714,27.2696,61.8809,1,-1,-1,-1
142,43,633.941,117.058,25.9394,58.8625,1,-1,-1,-1
142,70,685.519,230.017,38.6208,87.639,1,-1,-1,-1
142,83,615.976,113.122,25.935,58.8524,1,-1,-1,-1
142,87,655.385,235.699,44.1385,100.159,1,-1,-1,-1
142,88,510.484,190.599,34.4643,78.2072,1,-1,-1,-1
142,91,422.927,177.766,35.8412,81.3317,1,-1,-1,-1
143,1,380.26,186.695,33.8832,76.8886,1,-1,-1,-1
143,30,703.556,112.41,26.514,60.1662,1,-1,-1,-1
143,43,635.732,116.531,25.9559,58.8998,1,-1,-1,-1
143,70,697.06,228.387,37.702,85.5542,1,-1,-1,-1
143,83,616.469,112.545,25.9562,58.9006,1,-1,-1,-1
143,87,649.65,234.341,43.7657,99.3132,1,-1,-1,-1
143,88,504.953,188.179,33.9911,77.1335,1,-1,-1,-1
143,91,422.785,175.992,36.71,83.3032,1,-1,-1,-1
144,1,380.174,192.352,32.0746,72.7846,1,-1,-1,-1
144,30,705.563,110.654,27.47,62.3355,1,-1,-1,-1
144,43,638.65,116.405,25.9719,58.9361,1,-1,-1,-1
144,70,708.69,227.422,37.1031,84.195,1,-1,-1,-1
144,83,621,112.395,25.9742,58.9414,1,-1,-1,-1
144,87,642.117,234.444,41.7265,94.6863,1,-1,-1,-1
144,88,494.322,186.937,33.7398,76.5632,1,-1,-1,-1
144,91,420.762,181.894,35.2955,80.0933,1,-1,-1,-1
145,1,380.119,195.525,31.0529,70.4664,1,-1,-1,-1
145,30,707.078,111.514,26.6894,60.5643,1,-1,-1,-1
145,43,639.953,114.162,25.9844,58.9646,1,-1,-1,-1
145,70,717.336,226.932,36.7657,83.4295,1,-1,-1,-1
145,83,623.322,112.456,25.987,58.9706,1,-1,-1,-1
145,87,633.347,230.777,42.4021,96.2191,1,-1,-1,-1
145,88,483.514,178.736,37.5576,85.2269,1,-1,-1,-1
145,91,419.614,182.343,34.4095,78.0828,1,-1,-1,-1
146,1,378.897,195.185,32.2344,73.1473,1,-1,-1,-1
146,30,707.12,110.439,27.5922,62.6128,1,-1,-1,-1
146,43,640.307,112.977,25.9929,58.9838,1,-1,-1,-1
146,70,725.9,230.757,34.9159,79.2318,1,-1,-1,-1
146,83,626.548,110.281,25.9951,58.989,1,-1,-1,-1
146,87,627.84,232.909,41.0551,93.1629,1,-1,-1,-1
146,88,474.657,174.442,39.6023,89.8668,1,-1,-1,-1
146,91,419.017,182.472,33.8985,76.9234,1,-1,-1,-1
147,1,378.203,194.606,33.0282,74.9485,1,-1,-1,-1
147,30,706.912,109.906,28.1225,63.816,1,-1,-1,-1
147,43,642.5,112.481,25.9979,58.9953,1,-1,-1,-1
147,70,735.703,233.074,33.8594,76.8345,1,-1,-1,-1
147,83,627.99,109.65,27.3911,62.1567,1,-1,-1,-1
147,87,616.126,230.382,42.1885,95.7346,1,-1,-1,-1
147,88,468.609,177.007,36.9645,83.8809,1,-1,-1,-1
147,91,421.656,185.328,33.6468,76.3522,1,-1,-1,-1
148,1,374.402,196.929,33.5013,76.0221,1,-1,-1,-1
148,30,707.203,109.096,27.0525,61.3883,1,-1,-1,-1
148,43,645.841,112.379,26.0005,59.0011,1,-1,-1,-1
148,70,742.796,234.253,33.3768,75.7394,1,-1,-1,-1
148,83,630.711,111.199,26.8059,60.8288,1,-1,-1,-1
148,87,606.499,229.042,42.9193,97.393,1,-1,-1,-1
148,88,463.686,179.179,35.1312,79.7207,1,-1,-1,-1
148,91,423.249,186.875,33.5572,76.1488,1,-1,-1,-1
149,30,707.291,108.749,26.3717,59.8434,1,-1,-1,-1
149,43,647.488,112.463,26.0015,59.0033,1,-1,-1,-1
149,83,631.92,109.913,26.3901,59.8851,1,-1,-1,-1
149,87,601.747,229.023,41.5074,94.1894,1,-1,-1,-1
149,88,456.311,177.224,35.7746,81.1806,1,-1,-1,-1
149,91,422.899,187.508,35.3147,80.137,1,-1,-1,-1
150,30,706.681,109.211,27.3938,62.1627,1,-1,-1,-1
150,43,650.395,110.297,26.0016,59.0036,1,-1,-1,-1
150,83,632.242,106.873,26.1325,59.3006,1,-1,-1,-1
150,87,592.872,230.321,38.6464,87.6972,1,-1,-1,-1
150,91,428.332,183.585,38.4297,87.2058,1,-1,-1,-1
150,96,382.751,192.738,36.1018,81.9231,1,-1,-1,-1
151,30,706.863,111.307,26.6537,60.4832,1,-1,-1,-1
151,43,654.059,109.116,26.0013,59.0029,1,-1,-1,-1
151,83,632.123,105.207,25.9958,58.9904,1,-1,-1,-1
151,87,582.613,226.64,39.049,88.6109,1,-1,-1,-1
151,91,431.416,181.283,40.0412,90.8626,1,-1,-1,-1
151,96,386.303,196.284,34.8534,79.0902,1,-1,-1,-1
152,30,704.659,112.546,26.2006,59.4552,1,-1,-1,-1
152,43,655.797,108.594,26.0009,59.0021,1,-1,-1,-1
152,83,634.155,104.462,25.9388,58.861,1,-1,-1,-1
152,87,573.906,224.544,39.4679,89.5616,1,-1,-1,-1
152,91,433.392,187.512,38.7577,87.95,1,-1,-1,-1
152,96,387.861,201.049,34.2116,77.6337,1,-1,-1,-1
153,30,702.22,111.401,27.3591,62.0838,1,-1,-1,-1
153,43,658.68,108.458,26.0006,59.0013,1,-1,-1,-1
153,83,635.186,104.258,25.9273,58.8349,1,-1,-1,-1
153,87,566.784,223.549,39.8061,90.3293,1,-1,-1,-1
153,91,434.15,191.278,37.7848,85.7423,1,-1,-1,-1
153,96,391.525,203.265,33.8734,76.8663,1,-1,-1,-1
154,30,699.788,112.371,26.6814,60.5461,1,-1,-1,-1
154,43,659.961,108.511,26.0003,59.0007,1,-1,-1,-1
154,83,637.895,104.324,25.9374,58.8579,1,-1,-1,-1
154,87,557.092,223.223,40.0409,90.862,1,-1,-1,-1
154,91,438.259,196.061,35.4766,80.5044,1,-1,-1,-1
154,96,396.686,194.985,39.7181,90.1291,1,-1,-1,-1
155,30,696.29,115.228,26.2502,59.5677,1,-1,-1,-1
155,43,660.305,108.634,26.0001,59.0003,1,-1,-1,-1
155,83,639.265,104.491,25.9545,58.8968,1,-1,-1,-1
155,87,552.779,219.776,40.1841,91.1871,1,-1,-1,-1
155,91,439.168,195.529,37.9691,86.1607,1,-1,-1,-1
155,96,399.426,190.442,42.6435,96.7672,1,-1,-1,-1
156,30,690.491,112.726,27.4055,62.1891,1,-1,-1,-1
156,43,662.494,108.761,26,59.0001,1,-1,-1,-1
156,83,642.101,104.666,25.9711,58.9344,1,-1,-1,-1
156,87,540.637,217.958,40.2595,91.3583,1,-1,-1,-1
156,91,443.385,197.735,37.3847,84.8343,1,-1,-1,-1
157,30,686.957,115.162,26.7187,60.6308,1,-1,-1,-1
157,43,665.834,108.864,26,59,1,-1,-1,-1
157,83,643.482,104.808,25.984,58.9637,1,-1,-1,-1
157,87,534.767,217.199,40.291,91.4298,1,-1,-1,-1
157,91,448.365,198.672,35.3203,80.1497,1,-1,-1,-1
157,100,650.511,108.41,26,59,1,-1,-1,-1
158,30,679.08,112.44,29.2309,66.3316,1,-1,-1,-1
158,83,646.278,102.595,25.9928,58.9835,1,-1,-1,-1
158,87,525.213,218.73,38.2863,86.8804,1,-1,-1,-1
158,91,454.284,198.96,35.8166,81.276,1,-1,-1,-1
159,30,672.267,110.865,30.5836,69.4015,1,-1,-1,-1
159,83,647.606,101.334,25.9979,58.9953,1,-1,-1,-1
159,87,517.482,219.881,37.0815,84.1465,1,-1,-1,-1
159,91,460.022,201.769,34.4933,78.2732,1,-1,-1,-1
159,96,415.656,192.644,42.5939,96.655,1,-1,-1,-1
159,101,366.323,176.828,30.9859,70.3144,1,-1,-1,-1
160,30,669.142,110.045,31.2169,70.8386,1,-1,-1,-1
160,83,650.354,100.733,26.0005,59.0012,1,-1,-1,-1
160,87,510.864,220.611,36.4835,82.7893,1,-1,-1,-1
160,91,465.542,206.116,33.7616,76.6126,1,-1,-1,-1
160,96,416.47,178.328,48.4709,109.991,1,-1,-1,-1
160,101,359.531,178.638,28.9483,65.6904,1,-1,-1,-1
161,30,663.003,112.584,31.4319,71.3266,1,-1,-1,-1
161,83,651.646,100.535,26.0015,59.0035,1,-1,-1,-1
161,87,499.057,221.002,36.2743,82.3146,1,-1,-1,-1
161,96,424.238,193.724,43.1588,97.9368,1,-1,-1,-1
161,101,351.561,178.065,29.7972,67.6168,1,-1,-1,-1
162,30,663.098,111.26,31.43,71.3222,1,-1,-1,-1
162,83,654.371,100.546,26.0016,59.0037,1,-1,-1,-1
162,87,487.576,213.446,40.3608,91.5875,1,-1,-1,-1
162,96,430.754,201.021,41.3442,93.8193,1,-1,-1,-1
163,30,663.939,113.333,31.3371,71.1114,1,-1,-1,-1
163,83,654.375,102.109,30.7083,69.6841,1,-1,-1,-1
163,87,478.425,205.812,42.597,96.6617,1,-1,-1,-1
163,96,433.766,204.943,40.3302,91.5185,1,-1,-1,-1
164,83,654.748,102.173,34.8824,79.156,1,-1,-1,-1
164,87,471.794,199.502,46.0358,104.464,1,-1,-1,-1
164,96,435.246,209.486,37.8452,85.8793,1,-1,-1,-1
164,105,682.554,101.628,25.7384,58.4065,1,-1,-1,-1
165,83,654.231,106.919,35.1839,79.8403,1,-1,-1,-1
165,87,472.194,209.496,41.8479,94.9616,1,-1,-1,-1
165,96,438.906,211.569,36.5091,82.8475,1,-1,-1,-1
165,101,325.618,174.918,28.0644,63.6844,1,-1,-1,-1
165,105,683.58,100.562,25.796,58.5371,1,-1,-1,-1
166,83,650.288,109.548,35.0177,79.4632,1,-1,-1,-1
166,87,460.527,216.219,38.8976,88.2668,1,-1,-1,-1
166,96,443.946,212.142,35.9718,81.6281,1,-1,-1,-1
166,101,316.138,172.998,29.6344,67.2472,1,-1,-1,-1
166,105,683.857,100.248,25.8497,58.6588,1,-1,-1,-1
167,83,648.489,113.553,33.1696,75.2696,1,-1,-1,-1
167,87,454.713,220.123,37.128,84.2514,1,-1,-1,-1
167,96,446.288,214.835,35.8956,81.4552,1,-1,-1,-1
167,101,308.819,173.742,29.0404,65.8992,1,-1,-1,-1
167,105,686.24,100.25,25.8962,58.7643,1,-1,-1,-1
168,83,644.185,115.594,33.483,75.9807,1,-1,-1,-1
168,87,452.538,221.98,36.2675,82.2989,1,-1,-1,-1
168,96,447.011,216.003,36.0315,81.7635,1,-1,-1,-1
168,101,302.883,174.32,28.6465,65.0053,1,-1,-1,-1
168,105,687.362,100.388,25.9343,58.8509,1,-1,-1,-1
169,83,640.067,121.844,29.4347,66.7942,1,-1,-1,-1
169,87,442.401,214.815,40.1046,91.0059,1,-1,-1,-1
169,96,450.857,216.079,40.3186,91.4916,1,-1,-1,-1
169,101,292.496,170.045,29.96,67.9862,1,-1,-1,-1
169,105,690.085,98.2421,25.9631,58.9162,1,-1,-1,-1
169,109,666.161,101,26,59,1,-1,-1,-1
170,83,634.727,122.432,29.7298,67.4638,1,-1,-1,-1
170,87,437.481,210.516,42.3041,95.9968,1,-1,-1,-1
170,96,452.783,208.53,42.6353,96.7484,1,-1,-1,-1
170,101,283.558,169.937,29.206,66.275,1,-1,-1,-1
170,105,691.417,99.4023,25.9826,58.9606,1,-1,-1,-1
170,109,667.273,101,26,59,1,-1,-1,-1
170,111,513.041,204.704,40.668,92.2851,1,-1,-1,-1
171,83,632.118,122.178,30.1131,68.3338,1,-1,-1,-1
171,87,425.814,194.718,48.5563,110.185,1,-1,-1,-1
171,96,449.986,207.518,43.7431,99.2622,1,-1,-1,-1
171,101,281.97,173.538,27.3845,62.1417,1,-1,-1,-1
171,105,691.893,97.9053,25.9944,58.9873,1,-1,-1,-1
171,109,665.071,101,26,59,1,-1,-1,-1
171,111,519.615,204.411,40.8291,92.6508,1,-1,-1,-1
171,112,671.724,94.3471,26.8061,60.829,1,-1,-1,-1
172,83,625.996,121.624,30.4523,69.1036,1,-1,-1,-1
172,87,419.934,206.476,43.407,98.4998,1,-1,-1,-1
172,96,454.32,205.396,42.3524,96.1068,1,-1,-1,-1
172,101,280.04,175.813,26.292,59.6625,1,-1,-1,-1
172,105,691.911,99.4008,26.0005,59.0012,1,-1,-1,-1
172,111,525.722,204.4,40.7957,92.5751,1,-1,-1,-1
172,112,670.343,97.9313,26.2487,59.5643,1,-1,-1,-1
173,83,620.113,121.057,30.7027,69.6719,1,-1,-1,-1
173,87,409.735,188.291,51.5327,116.94,1,-1,-1,-1
173,96,456.705,204.433,41.324,93.7735,1,-1,-1,-1
173,105,691.731,100.36,26.003,59.0068,1,-1,-1,-1
173,111,531.643,204.496,40.6926,92.3411,1,-1,-1,-1
173,112,669.952,97.162,26.0047,59.0107,1,-1,-1,-1
174,83,617.391,124.623,29.3751,66.6591,1,-1,-1,-1
174,87,400.595,191.14,50.3929,114.353,1,-1,-1,-1
174,96,460.636,206.973,38.6712,87.7536,1,-1,-1,-1
174,105,691.505,100.896,26.0034,59.0078,1,-1,-1,-1
174,111,536.289,210.439,38.5403,87.457,1,-1,-1,-1
174,112,669.974,96.8313,25.9068,58.7885,1,-1,-1,-1
175,83,610.794,124.885,30.1161,68.3405,1,-1,-1,-1
175,87,392.57,193.751,49.3141,111.904,1,-1,-1,-1
175,96,463.173,209.291,39.1607,88.8645,1,-1,-1,-1
175,105,693.619,101.144,26.0029,59.0066,1,-1,-1,-1
175,111,544.394,213.862,37.2425,84.5117,1,-1,-1,-1
175,112,670.171,99.0761,25.8834,58.7354,1,-1,-1,-1
175,113,248.423,176.252,26.156,59.354,1,-1,-1,-1
176,83,607.645,124.82,30.6007,69.4403,1,-1,-1,-1
176,87,392.697,197.938,46.247,104.944,1,-1,-1,-1
176,96,466.518,212.928,37.5431,85.1937,1,-1,-1,-1
176,105,694.794,98.9061,26.0021,59.0047,1,-1,-1,-1
176,111,551.612,215.55,36.5728,82.9919,1,-1,-1,-1
176,112,670.415,98.0685,25.8964,58.7648,1,-1,-1,-1
176,113,240.447,175.374,25.3168,57.4496,1,-1,-1,-1
177,83,604.272,126.334,29.3919,66.697,1,-1,-1,-1
177,87,386.563,200.614,44.3151,100.56,1,-1,-1,-1
177,96,471.509,214.914,36.6657,83.2026,1,-1,-1,-1
177,105,695.332,97.5706,26.0013,59.003,1,-1,-1,-1
177,111,557.02,213.771,38.4291,87.2045,1,-1,-1,-1
177,112,672.95,97.4286,25.9227,58.8246,1,-1,-1,-1
177,113,233.404,167.418,28.5042,64.6828,1,-1,-1,-1
178,83,599.518,125.927,27.3276,62.0126,1,-1,-1,-1
178,87,378.081,203.767,41.4676,94.0989,1,-1,-1,-1
178,96,477.392,215.777,36.2975,82.3672,1,-1,-1,-1
178,105,695.491,96.89,26.0007,59.0016,1,-1,-1,-1
178,111,562.574,212.482,39.561,89.7731,1,-1,-1,-1
178,112,674.439,97.0711,25.9496,58.8857,1,-1,-1,-1
178,113,221.531,163.47,30.0843,68.2686,1,-1,-1,-1
179,83,592.183,124.943,29.1011,66.0374,1,-1,-1,-1
179,87,370.639,205.425,39.9527,90.6614,1,-1,-1,-1
179,96,483.095,219.45,36.2257,82.2042,1,-1,-1,-1
179,105,695.457,96.6255,26.0003,59.0007,1,-1,-1,-1
179,111,568.833,217.387,38.1533,86.5785,1,-1,-1,-1
179,112,675.182,96.9057,25.9713,58.9349,1,-1,-1,-1
179,113,213.063,161.602,30.8745,70.0617,1,-1,-1,-1
180,83,588.656,127.26,30.2038,68.5397,1,-1,-1,-1
180,87,363.907,206.056,39.36,89.3167,1,-1,-1,-1
180,105,695.349,96.5908,26.0001,59.0002,1,-1,-1,-1
180,111,574.401,218.47,39.3107,89.205,1,-1,-1,-1
180,112,675.458,96.8553,25.9864,58.9691,1,-1,-1,-1
180,113,206.58,163.181,29.7414,67.4902,1,-1,-1,-1
181,83,581.651,126.256,32.4424,73.6196,1,-1,-1,-1
181,87,355.311,209.009,37.2292,84.4814,1,-1,-1,-1
181,105,697.544,96.6602,26,58.9999,1,-1,-1,-1
181,111,584.189,218.842,39.9829,90.7306,1,-1,-1,-1
181,112,675.48,96.8638,25.9955,58.9898,1,-1,-1,-1
181,113,201.22,166.102,27.6607,62.7687,1,-1,-1,-1
182,83,578.381,125.628,33.6032,76.2535,1,-1,-1,-1
182,87,348.545,207.034,36.1832,82.1077,1,-1,-1,-1
182,105,698.769,96.7593,25.9999,58.9998,1,-1,-1,-1
182,111,588.897,218.83,40.3194,91.4942,1,-1,-1,-1
182,112,675.391,96.8953,26.0003,59.0006,1,-1,-1,-1
182,113,194.113,163.864,29.3355,66.5693,1,-1,-1,-1
183,83,574.449,125.249,34.1067,77.3961,1,-1,-1,-1
183,87,342.318,209.055,35.842,81.3336,1,-1,-1,-1
183,96,506.745,220.107,39.8867,90.5121,1,-1,-1,-1
183,105,699.333,96.8505,25.9999,58.9998,1,-1,-1,-1
183,111,593.963,218.656,40.448,91.786,1,-1,-1,-1
183,112,675.273,96.9302,26.0022,59.0051,1,-1,-1,-1
183,113,189.349,166.567,27.5165,62.4413,1,-1,-1,-1
184,83,570.565,130.182,32.7031,74.211,1,-1,-1,-1
184,87,333.471,206.631,35.877,81.4129,1,-1,-1,-1
184,96,512.589,222.258,40.4406,91.7692,1,-1,-1,-1
184,105,701.816,96.9197,25.9999,58.9999,1,-1,-1,-1
184,111,604.549,223.592,38.4606,87.2761,1,-1,-1,-1
184,112,675.167,96.9592,26.0026,59.0059,1,-1,-1,-1
184,113,183.073,168.252,26.3981,59.9034,1,-1,-1,-1
185,83,566.134,133.067,31.7392,72.0239,1,-1,-1,-1
185,87,323.039,202.091,38.192,86.6663,1,-1,-1,-1
185,96,518.609,223.527,40.6341,92.2082,1,-1,-1,-1
185,105,703.106,96.9654,26,58.9999,1,-1,-1,-1
185,111,613.209,226.413,37.2286,84.4803,1,-1,-1,-1
185,112,675.088,96.9798,26.0022,59.005,1,-1,-1,-1
185,113,175.732,162.635,28.83,65.4221,1,-1,-1,-1
186,83,560.186,132.153,32.7764,74.3774,1,-1,-1,-1
186,87,317.627,204.712,35.8472,81.3454,1,-1,-1,-1
186,96,524.698,224.159,40.6376,92.2162,1,-1,-1,-1
186,105,703.629,96.9918,26,58.9999,1,-1,-1,-1
186,111,620.5,227.738,36.5882,83.0269,1,-1,-1,-1
186,112,675.037,96.9927,26.0016,59.0036,1,-1,-1,-1
186,113,174.812,165.706,27.3898,62.154,1,-1,-1,-1
187,83,556.275,133.634,31.822,72.2116,1,-1,-1,-1
187,87,307.184,209.44,34.3733,78.0008,1,-1,-1,-1
187,96,530.798,227.866,40.5611,92.0428,1,-1,-1,-1
187,105,703.72,97.0046,26,59,1,-1,-1,-1
187,111,626.857,225.062,40.4183,91.7181,1,-1,-1,-1
187,112,677.32,96.9996,26.001,59.0023,1,-1,-1,-1
188,83,553.037,132.015,32.843,74.5286,1,-1,-1,-1
188,87,298.275,206.944,35.356,80.2308,1,-1,-1,-1
188,96,534.557,229.264,42.3409,96.0811,1,-1,-1,-1
188,105,703.611,97.0091,26,59,1,-1,-1,-1
188,111,635.751,226.26,38.6961,87.81,1,-1,-1,-1
188,112,678.628,94.6901,26.0006,59.0013,1,-1,-1,-1
188,126,159.509,166.532,25.3293,57.4781,1,-1,-1,-1
189,83,545.506,136.115,31.8706,72.322,1,-1,-1,-1
189,87,289.261,207.609,34.3184,77.8762,1,-1,-1,-1
189,96,543.29,234.889,39.5156,89.6698,1,-1,-1,-1
189,105,703.439,97.0091,26,59,1,-1,-1,-1
189,111,646.13,229.834,37.5378,85.1816,1,-1,-1,-1
189,112,679.257,93.3686,26.0003,59.0006,1,-1,-1,-1
189,126,147.016,162.148,26.7954,60.805,1,-1,-1,-1
190,83,538.929,138.448,31.2678,70.9543,1,-1,-1,-1
190,87,280.771,202.167,35.4995,80.5563,1,-1,-1,-1
190,96,547.541,236.192,41.6309,94.4695,1,-1,-1,-1
190,105,703.277,97.0072,26,59,1,-1,-1,-1
190,111,650.899,231.8,36.8667,83.6586,1,-1,-1,-1
190,112,679.469,92.7354,26.0001,59.0002,1,-1,-1,-1
190,126,139.329,161.864,26.0243,59.0552,1,-1,-1,-1
191,83,535.965,139.55,30.9504,70.2341,1,-1,-1,-1
191,87,271.946,193.038,40.3238,91.5036,1,-1,-1,-1
191,96,549.576,235.871,45.2634,102.712,1,-1,-1,-1
191,105,703.151,94.6924,26,59,1,-1,-1,-1
191,111,655.786,232.675,36.5466,82.9324,1,-1,-1,-1
191,112,679.462,92.5226,26,59,1,-1,-1,-1
191,126,136.218,159.755,27.178,61.6731,1,-1,-1,-1
192,83,532.243,139.903,30.8215,69.9414,1,-1,-1,-1
192,87,269.371,196.779,37.417,84.9075,1,-1,-1,-1
192,96,553.405,240.048,44.8655,101.809,1,-1,-1,-1
192,105,703.067,95.6808,26,59,1,-1,-1,-1
192,111,658.032,231.689,38.5512,87.4813,1,-1,-1,-1
192,112,679.364,92.5309,25.9999,58.9999,1,-1,-1,-1
192,126,130.75,160.344,26.4667,60.059,1,-1,-1,-1
193,83,525.625,142.179,30.7994,69.8913,1,-1,-1,-1
193,87,262.909,196.82,35.3669,80.2554,1,-1,-1,-1
193,96,558.405,242.209,44.4108,100.777,1,-1,-1,-1
193,105,703.018,96.3687,26,59,1,-1,-1,-1
193,111,664.149,235.574,37.6733,85.4892,1,-1,-1,-1
193,112,679.248,92.6308,25.9999,58.9999,1,-1,-1,-1
193,126,123.863,160.726,26.0715,59.1623,1,-1,-1,-1
194,83,519.608,143.308,30.827,69.9541,1,-1,-1,-1
194,87,257.331,197.124,34.1268,77.4414,1,-1,-1,-1
194,96,561.787,243.062,46.3606,105.201,1,-1,-1,-1
194,105,702.994,96.7886,26,59,1,-1,-1,-1
194,111,673.266,241.187,37.0981,84.184,1,-1,-1,-1
194,112,679.148,92.7487,26,58.9999,1,-1,-1,-1
194,126,118.474,160.944,25.8887,58.7475,1,-1,-1,-1
195,83,516.35,142.526,32.4941,73.7369,1,-1,-1,-1
195,87,252.231,197.449,33.5075,76.036,1,-1,-1,-1
195,96,567.689,243.233,47.3872,107.53,1,-1,-1,-1
195,105,702.984,94.6966,26,59,1,-1,-1,-1
195,112,679.076,92.8501,26,58.9999,1,-1,-1,-1
195,126,112.244,156.384,27.2344,61.801,1,-1,-1,-1
196,83,510.118,143.054,31.848,72.2709,1,-1,-1,-1
196,87,243.276,191.283,35.0619,79.5633,1,-1,-1,-1
196,96,576.203,247.037,45.571,103.409,1,-1,-1,-1
196,105,700.671,95.7781,26,59,1,-1,-1,-1
196,112,679.029,92.9237,26,59,1,-1,-1,-1
196,126,106.682,156.093,26.6544,60.4848,1,-1,-1,-1
197,83,503.21,142.104,32.9918,74.8662,1,-1,-1,-1
197,87,236.729,191.297,34.3126,77.863,1,-1,-1,-1
197,96,582.693,249.072,46.6708,105.905,1,-1,-1,-1
197,105,699.352,96.4854,26,59,1,-1,-1,-1
197,112,679.004,92.9704,26,59,1,-1,-1,-1
197,126,102.09,156.161,26.2715,59.616,1,-1,-1,-1
198,83,500.053,141.491,33.6134,76.2767,1,-1,-1,-1
198,87,231.135,191.658,33.8716,76.8622,1,-1,-1,-1
198,96,591.263,253.355,45.0041,102.123,1,-1,-1,-1
198,105,698.723,96.8894,26,59,1,-1,-1,-1
198,111,688.799,238.799,44.27,100.458,1,-1,-1,-1
198,112,676.68,92.9962,26,59,1,-1,-1,-1
198,126,95.7044,154.026,27.4414,62.2707,1,-1,-1,-1
199,83,493.342,141.135,33.896,76.9179,1,-1,-1,-1
199,87,222.521,184.407,37.5748,85.2658,1,-1,-1,-1
199,96,598.127,256.08,46.3047,105.074,1,-1,-1,-1
199,105,698.515,99.3951,26,59,1,-1,-1,-1
199,111,695.776,247.762,42.7358,96.9766,1,-1,-1,-1
199,112,675.354,93.0078,26,59,1,-1,-1,-1
199,126,87.6704,152.932,28.109,63.7855,1,-1,-1,-1
200,83,486.767,140.958,33.9806,77.1099,1,-1,-1,-1
200,87,219.171,184.532,35.8768,81.4127,1,-1,-1,-1
200,96,605.049,257.226,47.0836,106.841,1,-1,-1,-1
200,105,698.527,98.4693,26,59,1,-1,-1,-1
200,111,700.353,253.08,43.3917,98.465,1,-1,-1,-1
200,112,674.722,93.0111,26,59,1,-1,-1,-1
200,126,82.1917,152.458,27.1001,61.4963,1,-1,-1,-1
201,83,480.944,140.892,33.965,77.0743,1,-1,-1,-1
201,87,215.46,185.118,34.6964,78.7339,1,-1,-1,-1
201,96,612.564,264.928,45.2107,102.591,1,-1,-1,-1
201,105,698.629,100.089,26,59,1,-1,-1,-1
201,111,705.682,255.719,43.6793,99.1173,1,-1,-1,-1
201,112,674.513,93.0103,26,59,1,-1,-1,-1
201,126,77.7396,152.382,26.4371,59.9918,1,-1,-1,-1
202,83,475.609,143.777,33.9102,76.9501,1,-1,-1,-1
202,87,207.858,185.766,33.9869,77.124,1,-1,-1,-1
202,96,619.305,269.042,44.0368,99.9278,1,-1,-1,-1
202,105,696.436,100.96,26,59,1,-1,-1,-1
202,111,707.991,256.682,43.7552,99.2895,1,-1,-1,-1
202,112,672.212,95.3203,26,59,1,-1,-1,-1
202,126,69.1854,152.483,26.0622,59.1411,1,-1,-1,-1
203,83,467.657,145.45,33.8501,76.8137,1,-1,-1,-1
203,87,201.381,186.299,33.63,76.3142,1,-1,-1,-1
203,96,626.694,271.885,45.7815,103.887,1,-1,-1,-1
203,105,695.216,99.0229,26,59,1,-1,-1,-1
203,111,712.606,256.743,43.7272,99.2259,1,-1,-1,-1
203,112,670.992,96.6398,26,59,1,-1,-1,-1
203,126,65.1287,152.634,25.8896,58.7494,1,-1,-1,-1
204,83,463.962,146.269,33.8001,76.7001,1,-1,-1,-1
204,87,195.68,183.778,33.499,76.0168,1,-1,-1,-1
204,105,692.344,97.7903,26,59,1,-1,-1,-1
204,111,715.773,252.904,46.0173,104.422,1,-1,-1,-1
204,112,670.479,97.2705,26,59,1,-1,-1,-1
204,126,61.4892,152.773,25.8392,58.6351,1,-1,-1,-1
205,83,457.026,144.214,35.5138,80.5889,1,-1,-1,-1
205,87,189.863,184.642,31.9179,72.429,1,-1,-1,-1
205,105,690.857,99.4204,26,59,1,-1,-1,-1
205,111,723.312,253.957,44.9565,102.015,1,-1,-1,-1
205,112,670.37,97.481,26,59,1,-1,-1,-1
205,126,57.9516,152.878,25.8511,58.662,1,-1,-1,-1
206,83,450.424,148.104,34.754,78.8647,1,-1,-1,-1
206,87,184.56,185.315,31.032,70.419,1,-1,-1,-1
206,105,690.258,98.1201,26,59,1,-1,-1,-1
206,111,729.358,259.241,46.5241,105.572,1,-1,-1,-1
206,112,670.453,97.471,26,59,1,-1,-1,-1
206,126,54.3619,152.947,25.8867,58.7429,1,-1,-1,-1
207,83,444.663,150.345,34.2186,77.6498,1,-1,-1,-1
207,87,179.504,183.385,32.2753,73.2403,1,-1,-1,-1
207,96,644.094,284.579,45.6917,103.683,1,-1,-1,-1
207,105,690.159,97.3414,26,59,1,-1,-1,-1
207,111,729.708,254.105,50.0342,113.538,1,-1,-1,-1
207,112,668.288,97.37,26,59,1,-1,-1,-1
208,83,439.413,151.428,33.8898,76.9035,1,-1,-1,-1
208,87,172.278,184.618,31.4915,71.4616,1,-1,-1,-1
208,96,648.718,286.303,46.9023,106.43,1,-1,-1,-1
208,105,687.977,99.2553,26,59,1,-1,-1,-1
208,111,735.757,269.922,43.6264,98.9974,1,-1,-1,-1
208,112,667.11,97.2514,26,59,1,-1,-1,-1
209,83,430.366,150.028,35.4688,80.4866,1,-1,-1,-1
209,87,166.6,187.034,28.2849,64.185,1,-1,-1,-1
209,96,648.967,289.032,50.1864,113.883,1,-1,-1,-1
209,105,686.856,100.421,26,59,1,-1,-1,-1
209,111,741.646,283.875,36.2187,82.1881,1,-1,-1,-1
209,112,664.278,99.4623,26,59,1,-1,-1,-1
210,83,426.074,149.046,36.3672,82.5254,1,-1,-1,-1
210,87,157.955,183.894,29.2867,66.4585,1,-1,-1,-1
210,96,648.49,290.249,51.8775,117.721,1,-1,-1,-1
210,105,686.412,101.032,26,59,1,-1,-1,-1
210,112,662.821,100.711,26,59,1,-1,-1,-1
210,126,34.6421,148.643,25.9903,58.9779,1,-1,-1,-1
211,83,426.16,141.528,31.093,70.557,1,-1,-1,-1
211,87,151.608,186.052,28.5179,64.7138,1,-1,-1,-1
211,96,649.481,292.747,50.062,113.6,1,-1,-1,-1
211,105,686.346,101.283,26,59,1,-1,-1,-1
211,112,662.243,101.297,26,59,1,-1,-1,-1
211,126,28.2559,148.536,25.9999,58.9999,1,-1,-1,-1
212,87,146.104,183.28,29.706,67.4099,1,-1,-1,-1
212,96,648.081,291.576,51.3488,116.521,1,-1,-1,-1
212,105,686.452,101.331,26,59,1,-1,-1,-1
212,112,659.842,101.483,26,59,1,-1,-1,-1
212,126,22.9911,148.587,26.004,59.0092,1,-1,-1,-1
213,87,141.082,181.658,30.4548,69.1092,1,-1,-1,-1
213,96,642.442,290.565,52.0147,118.032,1,-1,-1,-1
213,105,686.61,103.595,26,59,1,-1,-1,-1
213,112,658.656,101.463,26,59,1,-1,-1,-1
213,126,20.7781,148.694,26.0049,59.0112,1,-1,-1,-1
214,87,133.374,180.845,30.8726,70.0573,1,-1,-1,-1
214,96,634.528,289.82,52.2901,118.658,1,-1,-1,-1
214,105,686.756,104.839,26,59,1,-1,-1,-1
214,112,658.227,101.359,26,59,1,-1,-1,-1
214,126,15.6722,146.486,26.0043,59.0097,1,-1,-1,-1
215,87,127.528,180.536,31.0689,70.5028,1,-1,-1,-1
215,96,628.491,295.62,49.8014,113.01,1,-1,-1,-1
215,105,684.556,105.397,26,59,1,-1,-1,-1
215,112,658.204,101.241,26,59,1,-1,-1,-1
215,126,8.75387,145.251,26.0031,59.0071,1,-1,-1,-1
216,87,121.094,182.195,29.6571,67.2989,1,-1,-1,-1
216,96,622.762,297.265,50.8585,115.409,1,-1,-1,-1
216,105,683.308,105.551,26,59,1,-1,-1,-1
216,112,658.358,101.142,26,59,1,-1,-1,-1
216,126,5.47674,144.678,26.002,59.0045,1,-1,-1,-1
217,87,113.743,181.547,30.2933,68.7426,1,-1,-1,-1
217,96,615.567,297.913,51.5325,116.938,1,-1,-1,-1
217,105,680.406,105.503,26,59,1,-1,-1,-1
217,112,658.555,103.384,26,59,1,-1,-1,-1
217,126,2.09425,144.503,26.0011,59.0025,1,-1,-1,-1
217,145,383.356,152.547,36.7386,83.3681,1,-1,-1,-1
218,87,110.491,181.166,30.6986,69.6624,1,-1,-1,-1
218,96,607.586,298.001,51.91,117.795,1,-1,-1,-1
218,105,678.893,105.379,26,59,1,-1,-1,-1
218,112,658.729,104.661,26,59,1,-1,-1,-1
218,126,0,144.531,26.0005,59.0012,1,-1,-1,-1
218,145,378.225,154.042,34.8994,79.1945,1,-1,-1,-1
219,87,104.432,180.973,30.9255,70.1774,1,-1,-1,-1
219,96,595.194,299.506,49.5285,112.39,1,-1,-1,-1
219,105,678.276,107.562,26,59,1,-1,-1,-1
219,112,656.546,105.27,26,59,1,-1,-1,-1
219,126,0,144.639,26.0002,59.0003,1,-1,-1,-1
219,145,372.514,158.762,34.0229,77.2057,1,-1,-1,-1
220,87,98.8968,180.898,31.0317,70.4184,1,-1,-1,-1
220,96,589.124,300.284,48.066,109.071,1,-1,-1,-1
220,105,678.165,111.09,26,59,1,-1,-1,-1
220,112,655.307,105.471,26,59,1,-1,-1,-1
220,126,0,144.759,26,58.9999,1,-1,-1,-1
220,145,366.535,161.155,31.98,72.5699,1,-1,-1,-1
221,87,93.6923,178.575,31.0656,70.4953,1,-1,-1,-1
221,96,577.098,294.145,49.986,113.428,1,-1,-1,-1
221,105,675.977,110.659,26,59,1,-1,-1,-1
221,112,654.722,105.459,26,59,1,-1,-1,-1
221,145,358.688,162.308,32.5604,73.887,1,-1,-1,-1
222,87,88.6692,179.584,31.0621,70.4875,1,-1,-1,-1
222,96,571.399,290.523,51.188,116.156,1,-1,-1,-1
222,105,674.853,110.136,26,59,1,-1,-1,-1
222,112,654.532,105.36,26,59,1,-1,-1,-1
222,145,352.166,162.733,33.03,74.9525,1,-1,-1,-1
223,87,82.5586,177.959,32.6591,74.1113,1,-1,-1,-1
223,96,561.997,290.956,49.2824,111.831,1,-1,-1,-1
223,105,674.409,111.995,26,59,1,-1,-1,-1
223,112,654.548,107.557,26,59,1,-1,-1,-1
223,145,343.021,162.766,33.3672,75.7178,1,-1,-1,-1
223,148,722.912,232.531,36.706,83.294,1,-1,-1,-1
224,87,75.8218,179.396,31.9568,72.5177,1,-1,-1,-1
224,96,551.468,284.627,50.7162,115.086,1,-1,-1,-1
224,105,674.343,112.985,26,59,1,-1,-1,-1
224,112,652.335,108.78,26,59,1,-1,-1,-1
224,145,335.859,162.625,33.5826,76.2066,1,-1,-1,-1
224,148,715.83,230.574,36.706,83.294,1,-1,-1,-1
225,87,69.9224,178.023,31.4556,71.3804,1,-1,-1,-1
225,96,542.106,281.226,51.5724,117.029,1,-1,-1,-1
225,105,674.45,113.406,26,59,1,-1,-1,-1
225,112,651.127,109.341,26,59,1,-1,-1,-1
225,145,331.12,165.297,32.1401,72.9334,1,-1,-1,-1
225,148,709.468,226.9,36.706,83.294,1,-1,-1,-1
226,87,63.9638,178.352,29.6684,67.3246,1,-1,-1,-1
226,96,533.512,279.75,52.0169,118.038,1,-1,-1,-1
226,105,672.296,111.188,26,59,1,-1,-1,-1
226,112,650.592,109.508,26,59,1,-1,-1,-1
226,145,321.994,163.891,32.8765,74.6044,1,-1,-1,-1
226,148,700.391,225.464,36.706,83.294,1,-1,-1,-1
227,87,59.1628,178.664,28.6109,64.9246,1,-1,-1,-1
227,96,524.754,277.582,49.6472,112.66,1,-1,-1,-1
227,105,671.121,112.115,26,59,1,-1,-1,-1
227,112,650.449,109.474,26,59,1,-1,-1,-1
227,145,314.846,162.915,33.3577,75.6963,1,-1,-1,-1
227,148,693.44,226.293,34.9881,79.3957,1,-1,-1,-1
228,87,56.7314,180.022,26.7468,60.6947,1,-1,-1,-1
228,96,517.074,273.888,50.7932,115.261,1,-1,-1,-1
228,105,670.6,112.688,26,59,1,-1,-1,-1
228,112,652.815,111.675,26,59,1,-1,-1,-1
228,145,308.973,162.318,33.635,76.3255,1,-1,-1,-1
228,148,687.745,224.295,33.9956,77.1437,1,-1,-1,-1
229,87,51.5038,178.386,28.7713,65.2888,1,-1,-1,-1
229,96,513.437,275.018,48.9287,111.029,1,-1,-1,-1
229,105,668.15,112.994,26,59,1,-1,-1,-1
229,112,654.262,112.875,26,59,1,-1,-1,-1
229,145,303.816,162.002,33.7708,76.6335,1,-1,-1,-1
229,148,682.71,223.404,33.5147,76.0524,1,-1,-1,-1
230,87,46.913,178.636,28.5057,64.6861,1,-1,-1,-1
230,96,506.257,274.33,45.5592,103.383,1,-1,-1,-1
230,105,666.88,113.124,26,59,1,-1,-1,-1
230,145,295.524,161.868,33.8195,76.7441,1,-1,-1,-1
230,148,676.2,217.892,35.1242,79.7047,1,-1,-1,-1
230,151,647.191,111.97,26,59,1,-1,-1,-1
231,87,42.6694,179.945,27.0224,61.3199,1,-1,-1,-1
231,96,496.196,268.303,48.7258,110.569,1,-1,-1,-1
231,105,666.369,113.154,26,59,1,-1,-1,-1
231,145,288.822,161.839,33.8217,76.7491,1,-1,-1,-1
231,148,668.798,217.309,34.3866,78.0309,1,-1,-1,-1
231,151,647.149,113.124,26,59,1,-1,-1,-1
232,96,492.697,264.016,48.0408,109.014,1,-1,-1,-1
232,105,666.283,113.134,26,59,1,-1,-1,-1
232,145,283.141,161.859,33.8038,76.7085,1,-1,-1,-1
232,148,662.623,217.417,33.9356,77.0074,1,-1,-1,-1
232,151,644.551,113.52,26,59,1,-1,-1,-1
233,96,487.276,262.002,47.6335,108.089,1,-1,-1,-1
233,105,666.394,113.099,26,59,1,-1,-1,-1
233,145,278.592,164.752,32.2219,73.119,1,-1,-1,-1
233,148,654.878,212.55,35.4536,80.4522,1,-1,-1,-1
233,151,643.263,113.589,26,59,1,-1,-1,-1
233,153,706.857,283.542,48.6841,110.474,1,-1,-1,-1
233,154,37.8439,175.168,28.5303,64.7415,1,-1,-1,-1
234,96,479.33,257.831,50.0948,113.675,1,-1,-1,-1
234,105,666.565,115.376,26,59,1,-1,-1,-1
234,148,647.971,209.996,36.3312,82.4437,1,-1,-1,-1
234,151,642.684,113.51,26,59,1,-1,-1,-1
234,153,700.459,284.834,47.3325,107.407,1,-1,-1,-1
234,154,36.1247,173.764,28.6618,65.0398,1,-1,-1,-1
235,96,473.4,259.385,48.8973,110.957,1,-1,-1,-1
235,105,664.414,116.67,26,59,1,-1,-1,-1
235,148,641.598,208.927,36.7717,83.4431,1,-1,-1,-1
235,151,642.503,113.378,26,59,1,-1,-1,-1
235,153,694.205,282.683,49.8348,113.085,1,-1,-1,-1
235,154,35.8072,173.458,28.6613,65.0387,1,-1,-1,-1
236,96,466.363,260.131,45.8436,104.028,1,-1,-1,-1
236,105,663.216,117.284,26,59,1,-1,-1,-1
236,148,636.081,207.494,35.2642,80.0223,1,-1,-1,-1
236,151,642.527,113.246,26,59,1,-1,-1,-1
236,153,686.877,279.772,48.4234,109.882,1,-1,-1,-1
236,154,36.0501,173.595,28.6114,64.9254,1,-1,-1,-1
236,157,253.824,157.238,33.1716,75.2742,1,-1,-1,-1
237,96,459.307,256.859,43.9988,99.8419,1,-1,-1,-1
237,105,662.667,117.485,26,59,1,-1,-1,-1
237,148,631.061,207.016,34.293,77.8185,1,-1,-1,-1
237,151,642.633,115.453,26,59,1,-1,-1,-1
237,153,679,274.149,47.656,108.14,1,-1,-1,-1
237,154,36.5066,173.909,28.5457,64.7763,1,-1,-1,-1
237,157,247.921,155.6,33.9096,76.9489,1,-1,-1,-1
238,96,455.117,258.579,41.2464,93.5966,1,-1,-1,-1
238,105,662.503,119.782,26,59,1,-1,-1,-1
238,148,626.251,204.136,33.7586,76.6059,1,-1,-1,-1
238,151,642.754,116.701,26,59,1,-1,-1,-1
238,153,671.44,271.183,47.2961,107.323,1,-1,-1,-1
238,154,36.9887,174.252,28.4828,64.6335,1,-1,-1,-1
238,157,242.61,155.078,34.143,77.4784,1,-1,-1,-1
239,96,450.851,256.346,41.723,94.678,1,-1,-1,-1
239,105,662.536,121.002,26,59,1,-1,-1,-1
239,148,620.908,202.691,33.5247,76.0752,1,-1,-1,-1
239,151,642.855,117.289,26,59,1,-1,-1,-1
239,153,668.166,269.898,47.1809,107.062,1,-1,-1,-1
239,154,40.2891,176.863,28.4323,64.519,1,-1,-1,-1
239,157,239.946,156.179,32.5529,73.8703,1,-1,-1,-1
240,96,448.719,255.151,40.4085,91.6955,1,-1,-1,-1
240,105,662.645,121.516,26,59,1,-1,-1,-1
240,148,615.782,202.145,33.4679,75.9463,1,-1,-1,-1
240,151,640.615,117.478,26,59,1,-1,-1,-1
240,153,663.317,269.581,47.1936,107.09,1,-1,-1,-1
240,154,39.3441,176.088,28.397,64.439,1,-1,-1,-1
240,157,236.298,155.819,33.2005,75.3396,1,-1,-1,-1
241,96,445.38,251.105,41.7118,94.6529,1,-1,-1,-1
241,105,662.764,121.627,26,59,1,-1,-1,-1
241,148,609.609,203.227,31.925,72.4451,1,-1,-1,-1
241,151,639.338,117.459,26,59,1,-1,-1,-1
241,153,656.786,269.738,47.2579,107.236,1,-1,-1,-1
241,154,38.0776,173.772,29.9147,67.8832,1,-1,-1,-1
241,157,232.003,155.708,33.5711,76.1806,1,-1,-1,-1
242,96,436.01,248.978,42.6104,96.6919,1,-1,-1,-1
242,105,662.863,121.545,26,59,1,-1,-1,-1
242,148,602.254,200,32.67,74.1357,1,-1,-1,-1
242,151,638.73,117.357,26,59,1,-1,-1,-1
242,153,645.775,265.438,47.3306,107.401,1,-1,-1,-1
242,154,37.9039,174.174,29.2542,66.3842,1,-1,-1,-1
242,157,227.3,155.722,33.758,76.6046,1,-1,-1,-1
243,96,427.759,248.073,41.3231,93.771,1,-1,-1,-1
243,105,662.933,121.398,26,59,1,-1,-1,-1
243,148,595.426,199.965,31.6097,71.7299,1,-1,-1,-1
243,151,638.529,117.241,26,59,1,-1,-1,-1
243,153,640.355,263.124,47.392,107.54,1,-1,-1,-1
243,154,37.8524,174.518,28.7886,65.3277,1,-1,-1,-1
243,157,222.926,156.903,32.2737,73.2365,1,-1,-1,-1
244,96,419.868,243.83,42.4174,96.2541,1,-1,-1,-1
244,105,662.976,121.255,26,59,1,-1,-1,-1
244,148,589.573,200.176,31.0212,70.3945,1,-1,-1,-1
244,151,636.228,117.142,26,59,1,-1,-1,-1
244,153,634.359,262.122,47.4359,107.64,1,-1,-1,-1
244,154,37.8622,174.765,28.5026,64.6787,1,-1,-1,-1
244,157,219.927,157.598,29.8949,67.8383,1,-1,-1,-1
245,96,422.804,263.09,33.9866,77.1229,1,-1,-1,-1
245,105,662.999,123.454,26,59,1,-1,-1,-1
245,148,584.283,195.769,32.3904,73.5015,1,-1,-1,-1
245,151,635.006,119.384,26,59,1,-1,-1,-1
245,153,631.962,261.88,47.4635,107.703,1,-1,-1,-1
245,154,37.8951,174.918,28.3526,64.3382,1,-1,-1,-1
245,157,217.17,158.023,30.0454,68.1801,1,-1,-1,-1
246,96,412.125,252.969,36.4843,82.791,1,-1,-1,-1
246,105,663.009,124.7,26,59,1,-1,-1,-1
246,148,576.426,193.36,33.2259,75.3973,1,-1,-1,-1
246,151,634.489,120.662,26,59,1,-1,-1,-1
246,153,626.349,261.38,45.1992,102.565,1,-1,-1,-1
246,154,37.9306,175,28.2914,64.1993,1,-1,-1,-1
246,157,213.285,158.196,30.3025,68.7635,1,-1,-1,-1
247,96,403.119,246.491,38.2733,86.8508,1,-1,-1,-1
247,105,663.011,125.287,26,59,1,-1,-1,-1
247,148,569.931,192.278,33.6752,76.4169,1,-1,-1,-1
247,151,634.375,121.27,26,59,1,-1,-1,-1
247,153,620.448,257.844,46.1959,104.826,1,-1,-1,-1
247,154,37.9599,175.035,28.2805,64.1745,1,-1,-1,-1
247,157,215.025,164.515,27.7358,62.9391,1,-1,-1,-1
248,96,395.427,239.395,39.4117,89.4342,1,-1,-1,-1
248,105,663.01,125.476,26,59,1,-1,-1,-1
248,148,563.737,188.503,33.8742,76.8683,1,-1,-1,-1
248,151,634.456,121.471,26,59,1,-1,-1,-1
248,153,614.359,251.84,49.5699,112.483,1,-1,-1,-1
248,154,37.9804,175.042,28.293,64.203,1,-1,-1,-1
248,157,213.14,166.443,27.5966,62.6231,1,-1,-1,-1
249,96,390.346,231.624,41.9464,95.1858,1,-1,-1,-1
249,105,660.695,125.458,26,59,1,-1,-1,-1
249,148,558.288,186.602,33.9283,76.991,1,-1,-1,-1
249,151,634.602,121.459,26,59,1,-1,-1,-1
249,153,611.164,248.781,48.8284,110.801,1,-1,-1,-1
249,154,37.3997,173.268,29.8554,67.7485,1,-1,-1,-1
249,169,200.037,154.627,30.1381,68.3904,1,-1,-1,-1
250,96,385.097,227.861,43.2792,98.2099,1,-1,-1,-1
250,105,659.37,125.356,26,59,1,-1,-1,-1
250,148,553.244,185.882,33.9104,76.9506,1,-1,-1,-1
250,151,632.998,119.597,27.3916,62.1576,1,-1,-1,-1
250,153,605.569,251.585,48.2364,109.457,1,-1,-1,-1
250,154,37.6559,174.005,29.2231,66.3137,1,-1,-1,-1
250,169,198.654,153.494,30.7248,69.7218,1,-1,-1,-1
251,96,377.27,227.046,42.0618,95.4476,1,-1,-1,-1
251,105,656.423,125.24,26,59,1,-1,-1,-1
251,148,544.895,188.08,32.3108,73.3208,1,-1,-1,-1
251,151,632.128,118.509,28.1563,63.8929,1,-1,-1,-1
251,153,596.125,253.03,45.5675,103.401,1,-1,-1,-1
251,154,37.2549,172.782,30.295,68.7463,1,-1,-1,-1
251,169,195.641,156.177,29.3281,66.5523,1,-1,-1,-1
251,173,27.5555,168.108,30.2606,68.6685,1,-1,-1,-1
252,96,371.404,222.706,43.0109,97.601,1,-1,-1,-1
252,105,652.575,127.454,26,59,1,-1,-1,-1
252,148,538.105,186.746,31.3367,71.1104,1,-1,-1,-1
252,151,631.143,121.962,27.1811,61.68,1,-1,-1,-1
252,153,587.478,250.633,43.9577,99.7484,1,-1,-1,-1
252,154,39.93,175.01,30.8758,70.0643,1,-1,-1,-1
252,173,30.6279,170.752,30.8187,69.9349,1,-1,-1,-1
253,96,367.883,225.326,41.6766,94.5735,1,-1,-1,-1
253,105,650.628,128.706,26,59,1,-1,-1,-1
253,148,532.334,186.041,30.8424,69.9888,1,-1,-1,-1
253,151,630.703,124.055,26.5169,60.1728,1,-1,-1,-1
253,153,583.536,252.778,43.1576,97.933,1,-1,-1,-1
253,154,39.1548,175.165,29.663,67.3121,1,-1,-1,-1
253,173,30.0232,171.234,29.4007,66.7171,1,-1,-1,-1
253,175,641.675,132.161,26,59,1,-1,-1,-1
254,96,363.37,223.938,40.8093,92.6056,1,-1,-1,-1
254,105,647.57,129.294,26,59,1,-1,-1,-1
254,148,524.233,183.375,32.2945,73.2839,1,-1,-1,-1
254,151,630.581,125.138,26.1251,59.2838,1,-1,-1,-1
254,153,574.865,250.674,42.8788,97.3004,1,-1,-1,-1
254,154,38.0189,173.477,30.3835,68.9472,1,-1,-1,-1
254,173,28.4068,168.976,30.239,68.6194,1,-1,-1,-1
254,175,639.793,133.273,26,59,1,-1,-1,-1
255,96,358.13,219.903,40.3242,91.5048,1,-1,-1,-1
255,105,646.163,131.795,26,59,1,-1,-1,-1
255,148,517.682,181.99,33.1825,75.2989,1,-1,-1,-1
255,151,628.29,124.38,27.3273,62.0117,1,-1,-1,-1
255,153,566.777,249.442,42.8814,97.3064,1,-1,-1,-1
255,154,37.9015,174.18,29.312,66.5156,1,-1,-1,-1
255,169,176.775,149.968,29.7118,67.4229,1,-1,-1,-1
256,96,355.893,217.812,40.1041,91.0055,1,-1,-1,-1
256,105,645.742,130.785,26,59,1,-1,-1,-1
256,148,512.662,183.7,32.097,72.8358,1,-1,-1,-1
256,151,627.067,123.795,28.0312,63.609,1,-1,-1,-1
256,153,560.281,244.708,45.3921,103.003,1,-1,-1,-1
256,154,37.2937,172.91,30.1778,68.4804,1,-1,-1,-1
256,169,175.523,151.09,29.0603,65.9443,1,-1,-1,-1
257,96,351.336,216.969,40.0426,90.8661,1,-1,-1,-1
257,105,643.51,129.992,26,59,1,-1,-1,-1
257,148,507.934,182.016,31.3981,71.2499,1,-1,-1,-1
257,151,626.526,126.83,27.0508,61.3842,1,-1,-1,-1
257,153,553.662,242.203,46.8377,106.283,1,-1,-1,-1
257,154,36.9808,172.196,30.7,69.6657,1,-1,-1,-1
257,169,172.616,151.963,28.6374,64.9845,1,-1,-1,-1
258,96,355.922,236.242,32.538,73.8364,1,-1,-1,-1
258,105,642.463,131.766,26,59,1,-1,-1,-1
258,148,500.958,181.103,31.0121,70.374,1,-1,-1,-1
258,151,624.086,125.095,27.7815,63.0423,1,-1,-1,-1
258,153,546.9,241.12,47.5653,107.934,1,-1,-1,-1
258,154,36.8541,171.857,30.9748,70.2893,1,-1,-1,-1
258,169,169.156,152.548,28.4007,64.4474,1,-1,-1,-1
259,105,642.132,132.768,26,59,1,-1,-1,-1
259,148,494.928,180.698,30.841,69.9857,1,-1,-1,-1
259,151,622.828,127.389,26.8539,60.9375,1,-1,-1,-1
259,153,543.46,240.778,45.5908,103.454,1,-1,-1,-1
259,154,36.831,171.745,31.0909,70.5527,1,-1,-1,-1
259,169,165.352,150.572,28.2929,64.2028,1,-1,-1,-1
260,105,642.171,133.239,26,59,1,-1,-1,-1
260,148,489.508,180.589,30.797,69.8859,1,-1,-1,-1
260,151,622.338,128.699,26.277,59.6285,1,-1,-1,-1
260,153,534.449,240.913,46.618,105.785,1,-1,-1,-1
260,154,37.4166,173.444,29.6401,67.2604,1,-1,-1,-1
260,169,161.346,148.8,29.8083,67.6418,1,-1,-1,-1
260,179,333.356,211.266,39.1543,88.85,1,-1,-1,-1
261,148,482.12,178.315,30.8159,69.9288,1,-1,-1,-1
261,151,619.943,128.132,27.3656,62.0986,1,-1,-1,-1
261,153,526.664,241.167,44.9289,101.952,1,-1,-1,-1
261,154,40.1031,175.653,30.2635,68.6752,1,-1,-1,-1
261,169,156.7,148.481,29.1635,66.1784,1,-1,-1,-1
261,175,632.462,133.083,26,59,1,-1,-1,-1
261,179,327.026,212.44,37.8436,85.8756,1,-1,-1,-1
261,180,31.6005,172.247,30.1381,68.3904,1,-1,-1,-1
262,148,475.882,177.086,30.8574,70.0231,1,-1,-1,-1
262,151,618.746,127.675,28.0168,63.5762,1,-1,-1,-1
262,153,519.207,241.468,43.8947,99.6054,1,-1,-1,-1
262,154,39.3091,175.695,29.1705,66.1946,1,-1,-1,-1
262,169,154.598,148.457,28.7233,65.1796,1,-1,-1,-1
262,175,633.765,133.026,26,59,1,-1,-1,-1
262,179,320.702,212.016,35.3224,80.1544,1,-1,-1,-1
262,180,30.4321,172.024,28.901,65.583,1,-1,-1,-1
263,148,467.494,176.549,30.8999,70.1196,1,-1,-1,-1
263,151,622.908,130.79,27.0162,61.3058,1,-1,-1,-1
263,153,512.554,241.714,43.3616,98.3958,1,-1,-1,-1
263,154,38.1241,173.829,30.0616,68.2169,1,-1,-1,-1
263,169,148.797,146.248,28.4617,64.5859,1,-1,-1,-1
263,175,634.568,135.316,26,59,1,-1,-1,-1
263,179,314.424,207.148,38.0168,86.2688,1,-1,-1,-1
263,180,28.4946,169.205,30.0543,68.2004,1,-1,-1,-1
264,148,461.335,176.416,30.9341,70.1971,1,-1,-1,-1
264,151,623.195,134.298,27.7467,62.9633,1,-1,-1,-1
264,153,505.792,241.878,43.1554,97.9281,1,-1,-1,-1
264,154,40.8611,176.711,29.1161,66.0712,1,-1,-1,-1
264,169,145.981,145.061,28.3305,64.2881,1,-1,-1,-1
264,175,633.244,133.121,27.3951,62.1656,1,-1,-1,-1
264,179,308.845,207.734,37.4071,84.8852,1,-1,-1,-1
264,180,31.7104,172.559,29.0828,65.9956,1,-1,-1,-1
265,148,455.983,173.589,30.9577,70.2507,1,-1,-1,-1
265,151,620.966,133.244,28.1757,63.9368,1,-1,-1,-1
265,153,499.506,241.955,41.2947,93.7063,1,-1,-1,-1
265,154,38.9821,174.34,30.083,68.2653,1,-1,-1,-1
265,169,142.69,144.548,28.2819,64.1777,1,-1,-1,-1
265,175,631.856,132.927,26.8055,60.8278,1,-1,-1,-1
265,179,303.634,208.427,37.011,83.9863,1,-1,-1,-1
265,180,29.3379,169.678,30.0957,68.2943,1,-1,-1,-1
265,182,611.03,127.191,28.364,64.364,1,-1,-1,-1
266,148,448.717,173.772,29.4881,66.9156,1,-1,-1,-1
266,153,492.908,237.948,42.1505,95.6482,1,-1,-1,-1
266,169,141.355,146.713,26.9325,61.1158,1,-1,-1,-1
266,175,631.097,135.179,26.3884,59.8812,1,-1,-1,-1
266,179,301.513,205.566,36.7812,83.4647,1,-1,-1,-1
266,180,31.9524,172.592,29.1762,66.2075,1,-1,-1,-1
266,182,609.876,127.149,28.364,64.364,1,-1,-1,-1
267,148,443.204,174.129,28.6132,64.93,1,-1,-1,-1
267,153,486.098,235.657,42.7768,97.0693,1,-1,-1,-1
267,169,138.819,145.789,27.5334,62.4793,1,-1,-1,-1
267,175,630.758,136.504,26.1308,59.2967,1,-1,-1,-1
267,179,294.188,204.04,36.6684,83.2088,1,-1,-1,-1
267,180,32.3062,172.563,30.1443,68.4044,1,-1,-1,-1
267,182,606.282,129.669,28.364,64.364,1,-1,-1,-1
268,148,437.559,172.692,29.7334,67.472,1,-1,-1,-1
268,153,479.16,234.558,43.179,97.982,1,-1,-1,-1
268,169,134.898,145.241,27.9541,63.4339,1,-1,-1,-1
268,175,630.665,137.166,25.9945,58.9874,1,-1,-1,-1
268,179,289.471,200.447,38.7261,87.8784,1,-1,-1,-1
268,180,33.5468,174.164,29.2163,66.2985,1,-1,-1,-1
268,182,604.645,130.889,28.364,64.364,1,-1,-1,-1
269,148,432.383,171.957,30.4496,69.0974,1,-1,-1,-1
269,153,473.874,238.203,41.581,94.3562,1,-1,-1,-1
269,169,130.748,144.963,28.2138,64.0233,1,-1,-1,-1
269,175,630.695,139.724,25.9379,58.859,1,-1,-1,-1
269,179,286.977,200.868,36.2043,82.1557,1,-1,-1,-1
269,180,33.0044,173.271,30.1664,68.4545,1,-1,-1,-1
269,182,601.685,129.062,28.364,64.364,1,-1,-1,-1
270,148,427.438,171.662,30.8552,70.0179,1,-1,-1,-1
270,153,462.628,236.48,42.4814,96.3993,1,-1,-1,-1
270,169,125.953,144.854,28.3535,64.3402,1,-1,-1,-1
270,175,630.77,141.065,25.9268,58.8338,1,-1,-1,-1
270,179,281.748,198.668,36.2862,82.3415,1,-1,-1,-1
270,180,30.8317,174.361,29.2282,66.3255,1,-1,-1,-1
270,182,600.31,130.218,28.364,64.364,1,-1,-1,-1
271,148,423.144,168.69,32.6652,74.1252,1,-1,-1,-1
271,153,457.142,235.455,43.0571,97.7054,1,-1,-1,-1
271,169,121.422,141.947,28.4144,64.4783,1,-1,-1,-1
271,175,630.849,141.617,25.9371,58.8573,1,-1,-1,-1
271,180,29.5437,174.963,28.6454,65.0028,1,-1,-1,-1
271,182,597.555,130.863,28.364,64.364,1,-1,-1,-1
272,148,420.934,169.989,32.0489,72.7266,1,-1,-1,-1
272,153,454.04,235.481,41.5549,94.2971,1,-1,-1,-1
272,169,119.424,140.321,28.4297,64.513,1,-1,-1,-1
272,175,630.913,141.724,25.9544,58.8966,1,-1,-1,-1
272,180,26.578,175.229,28.3379,64.3049,1,-1,-1,-1
272,182,596.28,131.163,28.364,64.364,1,-1,-1,-1
273,153,449.88,235.618,40.6374,92.2153,1,-1,-1,-1
273,169,117.158,138.963,29.9594,67.9846,1,-1,-1,-1
273,175,630.958,141.62,25.9711,58.9344,1,-1,-1,-1
273,180,25.0033,175.295,28.2125,64.0204,1,-1,-1,-1
273,182,594.72,130.068,29.904,67.8587,1,-1,-1,-1
273,189,272.766,186.548,40.258,91.355,1,-1,-1,-1
274,153,444.311,235.762,40.1657,91.1451,1,-1,-1,-1
274,169,115.8,141.873,29.2966,66.4805,1,-1,-1,-1
274,175,628.673,141.449,25.984,58.9638,1,-1,-1,-1
274,180,22.0258,175.262,28.1907,63.9709,1,-1,-1,-1
274,182,595.279,130.552,29.2543,66.3845,1,-1,-1,-1
274,189,270.91,186.65,40.258,91.355,1,-1,-1,-1
275,153,438.987,231.779,41.8783,95.0311,1,-1,-1,-1
275,169,115.475,143.747,28.8215,65.4022,1,-1,-1,-1
275,175,627.366,143.597,25.9928,58.9836,1,-1,-1,-1
275,180,20.5589,175.195,28.2172,64.0309,1,-1,-1,-1
275,182,594.711,129.69,30.3116,68.7839,1,-1,-1,-1
275,189,269.584,186.711,38.0855,86.4249,1,-1,-1,-1
276,148,387.896,169.269,28.1097,63.7872,1,-1,-1,-1
276,153,429.239,229.551,42.9049,97.3604,1,-1,-1,-1
276,169,115.653,144.798,28.5246,64.7286,1,-1,-1,-1
276,175,626.739,144.791,25.998,58.9954,1,-1,-1,-1
276,180,18.2796,173.354,29.8038,67.6315,1,-1,-1,-1
276,182,595.682,133.218,29.3945,66.7028,1,-1,-1,-1
276,189,268.528,190.375,35.1823,79.8368,1,-1,-1,-1
277,148,381.927,167.371,27.9676,63.4647,1,-1,-1,-1
277,153,424.45,232.521,41.6217,94.4487,1,-1,-1,-1
277,169,113.678,144.096,29.9051,67.8614,1,-1,-1,-1
277,175,626.528,145.338,26.0006,59.0013,1,-1,-1,-1
277,180,17.2737,172.329,30.6883,69.6389,1,-1,-1,-1
277,182,597.499,140.439,27.4666,62.328,1,-1,-1,-1
277,189,268.219,192.48,33.6254,76.3038,1,-1,-1,-1
278,148,374.425,166.288,27.9903,63.5162,1,-1,-1,-1
278,153,422.754,234.502,40.7881,92.5574,1,-1,-1,-1
278,169,112.131,147.051,29.19,66.2386,1,-1,-1,-1
278,175,626.536,145.499,26.0015,59.0035,1,-1,-1,-1
278,182,598.597,144.473,26.3071,59.6968,1,-1,-1,-1
278,189,265.824,185.696,36.9793,83.9146,1,-1,-1,-1
279,148,365.967,165.772,28.0778,63.7146,1,-1,-1,-1
279,153,401.956,189.227,61.6817,139.97,1,-1,-1,-1
279,169,111.454,148.703,28.7134,65.1571,1,-1,-1,-1
279,175,626.635,147.777,26.0016,59.0037,1,-1,-1,-1
279,182,599.151,146.302,25.7383,58.4061,1,-1,-1,-1
279,189,269.895,185.826,35.1989,79.8745,1,-1,-1,-1
280,148,359.891,165.601,28.1737,63.9321,1,-1,-1,-1
280,153,392.116,166.347,70.9459,160.993,1,-1,-1,-1
280,169,111.282,149.464,28.4381,64.5322,1,-1,-1,-1
280,175,626.739,146.649,27.3928,62.1605,1,-1,-1,-1
280,182,599.355,146.809,25.549,57.9766,1,-1,-1,-1
280,189,260.323,186.154,34.1183,77.4223,1,-1,-1,-1
280,194,263.517,181.798,33.6174,76.2855,1,-1,-1,-1
280,195,3.41713,175.258,27.4691,62.3333,1,-1,-1,-1
281,148,355.244,165.611,28.2531,64.1123,1,-1,-1,-1
281,169,113.08,149.666,26.9615,61.1817,1,-1,-1,-1
281,175,626.84,148.155,26.8054,60.8275,1,-1,-1,-1
281,182,599.368,146.651,25.5623,58.0068,1,-1,-1,-1
281,189,257.66,182.967,35.3306,80.1731,1,-1,-1,-1
281,195,2.02658,175.995,26.376,59.853,1,-1,-1,-1
282,148,350.163,167.405,26.9647,61.1888,1,-1,-1,-1
282,169,112.503,149.623,27.5,62.4036,1,-1,-1,-1
282,175,626.917,148.967,26.3887,59.8819,1,-1,-1,-1
282,182,599.298,146.245,25.6584,58.2248,1,-1,-1,-1
282,189,256.611,181.808,34.3937,78.047,1,-1,-1,-1
282,195,0,173.115,29.2024,66.267,1,-1,-1,-1
283,148,343.576,166.199,26.203,59.4605,1,-1,-1,-1
283,175,624.646,146.986,27.5159,62.4398,1,-1,-1,-1
283,182,599.207,145.817,25.7693,58.4764,1,-1,-1,-1
283,189,250.677,181.368,33.8538,76.8219,1,-1,-1,-1
283,195,0,171.266,28.9662,65.7309,1,-1,-1,-1
284,148,338.354,165.992,27.2331,61.7978,1,-1,-1,-1
284,175,625.662,148.055,26.7992,60.8134,1,-1,-1,-1
284,182,599.126,145.469,25.8634,58.6899,1,-1,-1,-1
284,189,247.625,175.534,33.5979,76.2412,1,-1,-1,-1
284,194,260.262,178.755,33.2166,75.376,1,-1,-1,-1
284,195,0,168.096,30.3027,68.7637,1,-1,-1,-1
284,202,387.869,222.473,40.6477,92.2394,1,-1,-1,-1
285,148,333.976,165.919,27.8886,63.2853,1,-1,-1,-1
285,175,624.056,148.706,26.3269,59.7417,1,-1,-1,-1
285,182,597.896,145.194,27.3261,62.0091,1,-1,-1,-1
285,189,246.415,178.129,33.5166,76.0568,1,-1,-1,-1
285,194,258.569,177.31,33.3655,75.7138,1,-1,-1,-1
285,195,0,168.866,29.4854,66.9092,1,-1,-1,-1
285,202,382.764,222.36,40.5626,92.0462,1,-1,-1,-1
285,203,121.889,147.705,31.2815,70.9852,1,-1,-1,-1
286,182,597.205,147.378,28.132,63.8378,1,-1,-1,-1
286,194,254.823,172.534,35.2688,80.0329,1,-1,-1,-1
286,202,374.396,216.807,42.5492,96.5539,1,-1,-1,-1
286,203,128.252,148.35,29.6183,67.2108,1,-1,-1,-1
287,182,596.875,148.641,28.5124,64.7009,1,-1,-1,-1
287,194,254.583,174,33.0997,75.1109,1,-1,-1,-1
287,202,370.698,214.337,43.4617,98.6241,1,-1,-1,-1
287,203,130.839,151.273,28.7929,65.3376,1,-1,-1,-1
288,182,596.762,149.249,28.6411,64.993,1,-1,-1,-1
288,194,254.797,175.286,31.7046,71.9452,1,-1,-1,-1
288,202,364.69,215.157,41.9963,95.2991,1,-1,-1,-1
288,203,134.143,152.727,28.3874,64.4174,1,-1,-1,-1
288,204,619.004,148.736,28.5174,64.7121,1,-1,-1,-1
289,148,307.452,163.31,27.1314,61.5672,1,-1,-1,-1
289,182,598.491,148.86,30.1644,68.4499,1,-1,-1,-1
289,194,250.499,170.382,32.5693,73.9074,1,-1,-1,-1
289,202,358.56,216.07,41.0288,93.1036,1,-1,-1,-1
289,203,138.418,153.378,28.2142,64.0242,1,-1,-1,-1
289,204,619.003,151.523,28.4803,64.628,1,-1,-1,-1
289,207,589.571,145.667,30.449,69.0956,1,-1,-1,-1
290,148,302.678,162.471,27.7102,62.8804,1,-1,-1,-1
290,182,605.31,154.298,29.4651,66.8629,1,-1,-1,-1
290,194,248.178,167.628,33.1659,75.2611,1,-1,-1,-1
290,202,351.817,216.853,40.4585,91.8097,1,-1,-1,-1
290,203,140.323,153.578,28.1706,63.9252,1,-1,-1,-1
290,204,619.002,152.812,28.4462,64.5504,1,-1,-1,-1
290,207,590.141,146.887,31.1496,70.6858,1,-1,-1,-1
291,148,298.043,161.432,26.7283,60.6525,1,-1,-1,-1
291,194,247.164,169.232,33.53,76.0873,1,-1,-1,-1
291,202,348.807,217.42,40.1744,91.1651,1,-1,-1,-1
291,203,143.166,155.842,26.8398,60.9056,1,-1,-1,-1
291,204,615.982,150.324,30.0152,68.1113,1,-1,-1,-1
291,207,590.325,147.51,31.3711,71.1884,1,-1,-1,-1
292,148,291.663,163.236,26.1524,59.3457,1,-1,-1,-1
292,202,344.519,217.779,40.0712,90.931,1,-1,-1,-1
292,203,146.645,157.613,27.4726,62.3413,1,-1,-1,-1
292,204,617.3,154.734,29.3045,66.4985,1,-1,-1,-1
292,207,587.317,146.622,33.0626,75.0267,1,-1,-1,-1
292,210,258,166.393,33.73,76.541,1,-1,-1,-1
293,148,286.526,162.048,25.8745,58.7151,1,-1,-1,-1
293,202,341.638,216.207,38.0424,86.327,1,-1,-1,-1
293,203,151.078,158.444,27.9188,63.3538,1,-1,-1,-1
293,204,615.285,157.229,28.8173,65.3928,1,-1,-1,-1
293,207,585.666,146.172,33.856,76.8272,1,-1,-1,-1
293,210,260.09,166.125,31.8274,72.2237,1,-1,-1,-1
294,148,282.145,161.333,25.7824,58.5061,1,-1,-1,-1
294,202,338.392,212.989,38.9604,88.4103,1,-1,-1,-1
294,203,155.451,158.705,28.1963,63.9835,1,-1,-1,-1
294,204,614.178,158.439,28.5179,64.7134,1,-1,-1,-1
294,207,584.847,145.956,34.1589,77.5144,1,-1,-1,-1
294,210,262.27,166.173,32.7615,74.3434,1,-1,-1,-1
295,202,333.101,213.536,37.5605,85.2335,1,-1,-1,-1
295,203,160.285,158.639,29.8877,67.822,1,-1,-1,-1
295,204,613.675,158.861,28.3592,64.3531,1,-1,-1,-1
295,207,585.086,149.866,32.6593,74.1116,1,-1,-1,-1
296,202,330.651,214.087,36.7773,83.456,1,-1,-1,-1
296,203,162.486,158.514,30.7955,69.8821,1,-1,-1,-1
296,204,611.217,158.862,28.2929,64.2027,1,-1,-1,-1
296,207,585.384,152.18,31.6624,71.8495,1,-1,-1,-1
297,202,326.428,214.513,36.427,82.6611,1,-1,-1,-1
297,203,166.005,158.365,31.2079,70.818,1,-1,-1,-1
297,204,609.93,160.998,28.2796,64.1724,1,-1,-1,-1
297,207,582.161,152.154,32.7047,74.2146,1,-1,-1,-1
297,212,264.267,160.315,28.3686,64.3747,1,-1,-1,-1
298,202,321.091,211.902,36.3359,82.4544,1,-1,-1,-1
298,203,170.379,158.229,31.3336,71.1034,1,-1,-1,-1
298,204,608.808,159.757,29.8349,67.7021,1,-1,-1,-1
298,207,580.362,151.917,33.345,75.6675,1,-1,-1,-1
298,210,279.887,162.178,32.2006,73.0707,1,-1,-1,-1
298,212,259.927,160.46,25.7986,58.5428,1,-1,-1,-1
299,202,318.615,213.301,36.3738,82.5404,1,-1,-1,-1
299,203,173.486,160.385,29.8472,67.7302,1,-1,-1,-1
299,204,608.386,158.901,30.7009,69.6674,1,-1,-1,-1
299,207,579.531,151.633,33.6902,76.451,1,-1,-1,-1
299,210,281.394,161.574,31.3271,71.0886,1,-1,-1,-1
299,212,255.671,160.683,24.8204,56.3231,1,-1,-1,-1
300,202,314.954,216.531,34.7566,78.8705,1,-1,-1,-1
300,204,611.229,160.676,31.1156,70.6087,1,-1,-1,-1
300,207,579.838,155.393,32.2867,73.2661,1,-1,-1,-1
300,210,287.534,161.417,30.8794,70.0727,1,-1,-1,-1
300,212,246.642,160.832,24.6341,55.9005,1,-1,-1,-1
301,202,309.951,193.541,35.5842,80.7484,1,-1,-1,-1
301,204,612.998,161.698,31.2611,70.9389,1,-1,-1,-1
301,207,579.635,156.372,33.0043,74.8946,1,-1,-1,-1
301,210,293.486,158.486,27.9056,63.3245,1,-1,-1,-1
301,212,239.881,160.918,24.8177,56.3171,1,-1,-1,-1
302,204,616.82,164.456,29.7953,67.6124,1,-1,-1,-1
302,207,580.197,157.853,31.8761,72.3345,1,-1,-1,-1
302,210,298.63,157.547,29.1248,66.0911,1,-1,-1,-1
302,212,234.549,160.966,25.1299,57.0254,1,-1,-1,-1
302,217,189.465,161.815,31.0983,70.5696,1,-1,-1,-1
303,204,618.891,165.962,28.8601,65.4901,1,-1,-1,-1
303,207,580.018,157.347,32.8106,74.455,1,-1,-1,-1
303,210,303.19,158.985,27.1343,61.5741,1,-1,-1,-1
303,212,230.079,160.993,25.4374,57.7234,1,-1,-1,-1
303,216,305.264,205.516,36.706,83.294,1,-1,-1,-1
303,217,193.919,161.856,31.0722,70.5104,1,-1,-1,-1
304,204,619.792,166.617,28.3537,64.3409,1,-1,-1,-1
304,207,579.943,160.335,33.3857,75.7599,1,-1,-1,-1
304,210,313.182,158.297,27.4045,62.1872,1,-1,-1,-1
304,212,216.673,157.789,30.4389,69.0727,1,-1,-1,-1
304,216,299.703,203.745,36.706,83.294,1,-1,-1,-1
304,217,200.003,161.868,32.8303,74.4998,1,-1,-1,-1
305,204,617.101,167.303,29.6909,67.3755,1,-1,-1,-1
305,207,579.925,161.941,33.6958,76.4636,1,-1,-1,-1
305,210,321.653,157.376,26.342,59.7761,1,-1,-1,-1
305,216,297.352,203.137,36.706,83.294,1,-1,-1,-1
305,217,204.391,161.898,32.0108,72.6404,1,-1,-1,-1
306,204,615.337,167.55,30.5016,69.2152,1,-1,-1,-1
306,207,583.385,165.484,32.2761,73.2421,1,-1,-1,-1
306,210,325.448,154.472,28.8124,65.3821,1,-1,-1,-1
306,216,292.92,203.046,36.706,83.294,1,-1,-1,-1
306,217,216.095,169.513,29.9953,68.0664,1,-1,-1,-1
307,204,614.309,169.832,29.449,66.8264,1,-1,-1,-1
307,207,584.81,164.413,32.9893,74.8604,1,-1,-1,-1
307,210,329.469,153.017,30.2364,68.6136,1,-1,-1,-1
307,216,287.984,203.186,36.706,83.294,1,-1,-1,-1
307,217,219.62,166.196,31.9736,72.5556,1,-1,-1,-1
308,204,613.814,171.618,30.2895,68.734,1,-1,-1,-1
308,207,585.452,166.361,33.4377,75.8779,1,-1,-1,-1
308,210,336.077,152.423,30.9685,70.2751,1,-1,-1,-1
308,212,194.964,164.623,27.588,62.6034,1,-1,-1,-1
308,216,282.237,203.405,36.706,83.294,1,-1,-1,-1
308,217,224.069,166.889,31.531,71.5513,1,-1,-1,-1
309,204,613.638,174.172,29.2848,66.4538,1,-1,-1,-1
309,207,585.631,167.317,33.685,76.439,1,-1,-1,-1
309,210,341.947,152.297,31.2744,70.9692,1,-1,-1,-1
309,212,192.534,165.417,26.2652,59.6018,1,-1,-1,-1
309,216,276.094,200.145,36.706,83.294,1,-1,-1,-1
309,217,228.033,164.297,32.8364,74.5134,1,-1,-1,-1
310,204,613.644,175.432,28.6608,65.0378,1,-1,-1,-1
310,207,585.577,167.655,33.798,76.6954,1,-1,-1,-1
310,210,350.216,152.389,31.3423,71.1234,1,-1,-1,-1
310,212,187.378,166.219,27.0445,61.37,1,-1,-1,-1
310,216,270.388,198.331,36.706,83.294,1,-1,-1,-1
310,217,235.272,165.619,31.9837,72.5787,1,-1,-1,-1
311,204,613.707,177.002,29.8736,67.7901,1,-1,-1,-1
311,207,585.436,170.554,33.8316,76.7717,1,-1,-1,-1
311,210,356.94,152.502,29.829,67.689,1,-1,-1,-1
311,212,185.133,166.516,27.6415,62.7247,1,-1,-1,-1
311,216,267.901,197.498,36.706,83.294,1,-1,-1,-1
311,217,241.576,166.468,31.411,71.279,1,-1,-1,-1
312,204,616.692,177.682,30.5973,69.4325,1,-1,-1,-1
312,207,585.287,172.074,33.8249,76.7565,1,-1,-1,-1
312,210,364.426,152.68,28.8653,65.5019,1,-1,-1,-1
312,212,182.254,168.266,26.6782,60.5388,1,-1,-1,-1
312,216,264.26,206.2,32.1478,72.9505,1,-1,-1,-1
312,217,247.156,165.65,28.3155,64.2546,1,-1,-1,-1
313,204,618.428,177.834,30.9756,70.291,1,-1,-1,-1
313,207,585.165,172.7,33.8026,76.7059,1,-1,-1,-1
313,210,374.052,149.91,29.8859,67.8181,1,-1,-1,-1
313,212,175.404,170.303,27.5081,62.4221,1,-1,-1,-1
313,216,263.574,209.431,30.7211,69.7131,1,-1,-1,-1
313,217,252.917,166.26,31.0626,70.4883,1,-1,-1,-1
314,204,619.278,177.729,31.1345,70.6517,1,-1,-1,-1
314,207,585.08,172.82,33.7783,76.6507,1,-1,-1,-1
314,210,380.831,148.36,30.5308,69.2816,1,-1,-1,-1
314,216,259.067,200.877,33.6648,76.3931,1,-1,-1,-1
314,217,255.4,166.75,32.6985,74.2005,1,-1,-1,-1
314,222,178.687,167.433,28.0858,63.7328,1,-1,-1,-1
315,204,619.58,177.535,31.1695,70.7311,1,-1,-1,-1
315,207,585.027,175.593,33.7581,76.6049,1,-1,-1,-1
315,210,386.413,147.637,30.8906,70.0982,1,-1,-1,-1
315,216,256.983,195.734,35.4575,80.4609,1,-1,-1,-1
315,217,262.308,165.259,35.3335,80.1797,1,-1,-1,-1
316,204,619.588,179.656,31.1452,70.6761,1,-1,-1,-1
316,207,587.89,177.052,33.7438,76.5724,1,-1,-1,-1
316,210,394.259,147.408,31.0592,70.4809,1,-1,-1,-1
316,216,256.327,193.035,36.4419,82.6948,1,-1,-1,-1
316,217,271.367,166.143,34.9743,79.3647,1,-1,-1,-1
317,204,619.471,180.826,31.1009,70.5756,1,-1,-1,-1
317,207,589.531,177.657,33.7349,76.5523,1,-1,-1,-1
317,210,402.287,145.562,28.3557,64.3459,1,-1,-1,-1
317,216,253.507,191.898,36.9031,83.7413,1,-1,-1,-1
317,217,275.729,166.69,34.5686,78.4441,1,-1,-1,-1
318,204,620.469,179.016,32.672,74.1406,1,-1,-1,-1
318,207,590.32,177.777,33.7302,76.5414,1,-1,-1,-1
318,210,408.175,144.766,26.6454,60.4648,1,-1,-1,-1
318,216,252.214,191.647,37.0558,84.0878,1,-1,-1,-1
318,217,280.105,166.985,34.2246,77.6634,1,-1,-1,-1
319,204,621.01,180.755,33.5285,76.084,1,-1,-1,-1
319,207,590.587,180.559,33.7281,76.5368,1,-1,-1,-1
319,216,253.489,198.584,33.8895,76.903,1,-1,-1,-1
319,217,284.615,167.114,33.977,77.1015,1,-1,-1,-1
319,227,189.97,173.97,28.364,64.364,1,-1,-1,-1
320,204,622.956,184.022,32.372,73.4599,1,-1,-1,-1
320,207,591.72,181.415,35.4787,80.5092,1,-1,-1,-1
320,216,252.278,202.939,31.8583,72.294,1,-1,-1,-1
320,227,191.124,172.321,28.364,64.364,1,-1,-1,-1
321,204,625.732,183.509,33.175,75.282,1,-1,-1,-1
321,207,591.104,182.28,34.7399,78.8327,1,-1,-1,-1
321,216,252.291,201.158,32.4065,73.5378,1,-1,-1,-1
322,204,627.167,185.88,33.6216,76.2954,1,-1,-1,-1
322,207,591.772,182.006,35.9438,81.5646,1,-1,-1,-1
322,216,252.442,199.758,32.9092,74.6787,1,-1,-1,-1
323,204,627.739,187.113,33.8304,76.7691,1,-1,-1,-1
323,207,593.787,184.465,33.3936,75.7778,1,-1,-1,-1
323,216,252.621,198.809,33.2882,75.5386,1,-1,-1,-1
323,217,306.893,172.779,33.3337,75.6418,1,-1,-1,-1
323,231,207.646,175.295,28.364,64.364,1,-1,-1,-1
324,204,627.828,191.079,33.8976,76.9214,1,-1,-1,-1
324,207,594.923,186.479,33.3395,75.655,1,-1,-1,-1
324,216,252.775,198.243,33.5376,76.1045,1,-1,-1,-1
324,217,313.703,168.296,35.2046,79.8872,1,-1,-1,-1
324,231,212.442,173.4,30.2202,68.5764,1,-1,-1,-1
324,234,445.161,150.076,25.3377,57.497,1,-1,-1,-1
325,204,629.873,192.839,29.6936,67.3815,1,-1,-1,-1
325,207,595.417,187.435,33.3973,75.7861,1,-1,-1,-1
325,216,255.777,197.956,33.6817,76.4316,1,-1,-1,-1
325,217,319.743,170.174,34.5594,78.4231,1,-1,-1,-1
325,231,219.378,174.412,29.337,66.5721,1,-1,-1,-1
325,234,448.731,146.083,28.5269,64.7343,1,-1,-1,-1
326,207,596.675,187.7,35.253,79.9972,1,-1,-1,-1
326,217,325.816,171.347,34.1125,77.409,1,-1,-1,-1
326,231,225.42,174.919,28.817,65.3922,1,-1,-1,-1
326,234,454.904,148.095,26.7903,60.7934,1,-1,-1,-1
326,236,610.001,196.814,33.8556,76.8261,1,-1,-1,-1
327,207,602.485,191.159,34.595,78.5039,1,-1,-1,-1
327,217,331.872,170.791,35.5916,80.7653,1,-1,-1,-1
327,231,232.122,173.361,30.0733,68.2431,1,-1,-1,-1
327,234,458.573,149.049,27.3938,62.1627,1,-1,-1,-1
327,236,614.884,198.235,33.8281,76.7637,1,-1,-1,-1
328,207,606.811,192.988,35.8674,81.3911,1,-1,-1,-1
328,217,337.354,170.416,36.4245,82.6553,1,-1,-1,-1
328,231,238.587,174.185,29.2583,66.3936,1,-1,-1,-1
328,234,462.71,148.785,29.4105,66.7393,1,-1,-1,-1
328,238,273.238,199.264,33.73,76.541,1,-1,-1,-1
329,204,637.687,199.767,32.306,73.31,1,-1,-1,-1
329,207,608.887,193.778,36.5621,82.9677,1,-1,-1,-1
329,217,343.065,170.18,36.8274,83.5697,1,-1,-1,-1
329,231,243.712,174.703,28.7279,65.1899,1,-1,-1,-1
329,234,467.2,149.08,27.6888,62.8322,1,-1,-1,-1
329,238,275.798,197.757,35.7829,81.1994,1,-1,-1,-1
330,204,640.943,202.297,33.3582,75.6976,1,-1,-1,-1
330,207,606.692,196.847,36.8807,83.6905,1,-1,-1,-1
330,217,348.931,170.044,36.9713,83.8962,1,-1,-1,-1
330,231,250.934,174.987,28.4266,64.5062,1,-1,-1,-1
330,238,279.128,187.15,34.8219,79.0187,1,-1,-1,-1
331,204,642.526,200.598,35.6144,80.8173,1,-1,-1,-1
331,217,354.31,169.978,36.9776,83.9104,1,-1,-1,-1
331,231,256.512,177.423,28.2857,64.1863,1,-1,-1,-1
331,238,278.029,188.635,36.0336,81.7684,1,-1,-1,-1
332,204,643.105,199.395,36.7456,83.3841,1,-1,-1,-1
332,217,359.985,169.954,36.9247,83.7902,1,-1,-1,-1
332,231,258.743,174.688,29.7884,67.5966,1,-1,-1,-1
332,239,611.724,190.963,37.7183,85.5914,1,-1,-1,-1
332,242,288.731,201.286,34.7594,78.8768,1,-1,-1,-1
332,243,475.787,149.146,30.5494,69.3236,1,-1,-1,-1
333,204,646.6,198.613,37.2035,84.4231,1,-1,-1,-1
333,217,364.678,168.762,38.9426,88.3695,1,-1,-1,-1
333,231,266.643,177.044,29.1427,66.1313,1,-1,-1,-1
333,239,611.756,193.943,37.6694,85.4804,1,-1,-1,-1
333,242,296.954,204.312,30.5626,69.3534,1,-1,-1,-1
333,243,475.357,155.022,29.4337,66.7917,1,-1,-1,-1
334,204,648.361,201.629,37.2937,84.6278,1,-1,-1,-1
334,217,370.004,168.139,40.0313,90.8403,1,-1,-1,-1
334,231,273.352,178.444,28.7062,65.1408,1,-1,-1,-1
334,239,615.715,196.017,37.4539,84.9914,1,-1,-1,-1
334,242,300.56,203.911,31.9435,72.487,1,-1,-1,-1
335,204,649.029,203.387,37.212,84.4424,1,-1,-1,-1
335,217,375.724,167.858,40.528,91.9675,1,-1,-1,-1
335,231,276.883,177.968,29.9851,68.043,1,-1,-1,-1
335,234,483.891,149.266,31.6224,71.7582,1,-1,-1,-1
335,239,618.26,197.296,37.2098,84.4372,1,-1,-1,-1
335,242,304.272,204.12,34.662,78.6558,1,-1,-1,-1
336,204,651.966,206.511,35.4019,80.3349,1,-1,-1,-1
336,217,385.04,172.766,37.0902,84.1663,1,-1,-1,-1
336,231,283.776,177.588,30.7118,69.6923,1,-1,-1,-1
336,234,482.695,153.709,31.7237,71.9883,1,-1,-1,-1
336,239,619.688,201.456,37.0034,83.9689,1,-1,-1,-1
336,242,309.306,209.533,34.3589,77.9679,1,-1,-1,-1
337,204,654.008,205.851,35.9903,81.6701,1,-1,-1,-1
337,217,390.195,174.06,38.6455,87.6956,1,-1,-1,-1
337,231,289.828,177.313,31.0678,70.5003,1,-1,-1,-1
337,234,481.839,156.468,31.6124,71.7359,1,-1,-1,-1
337,239,623.247,203.729,36.8552,83.6327,1,-1,-1,-1
337,242,314.451,207.245,35.8477,81.3465,1,-1,-1,-1
338,204,657.174,207.491,34.6774,78.6909,1,-1,-1,-1
338,217,395.022,175.764,37.5666,85.2471,1,-1,-1,-1
338,231,295.867,178.246,29.7261,67.4553,1,-1,-1,-1
338,234,483.625,160.264,31.4349,71.3332,1,-1,-1,-1
338,239,628.578,204.744,36.762,83.4211,1,-1,-1,-1
338,242,319.633,205.648,36.6289,83.1191,1,-1,-1,-1
339,204,659.255,209.438,35.6547,80.9084,1,-1,-1,-1
339,231,300.184,177.656,30.3759,68.93,1,-1,-1,-1
339,239,631.323,208.488,36.7111,83.3056,1,-1,-1,-1
339,242,325.343,209.798,35.2916,80.0846,1,-1,-1,-1
339,246,642.893,213.951,36.706,83.294,1,-1,-1,-1
340,204,660.085,210.383,36.275,82.3161,1,-1,-1,-1
340,231,304.646,181.304,29.2754,66.4327,1,-1,-1,-1
340,239,633.502,205.596,40.733,92.432,1,-1,-1,-1
340,242,334.256,213.381,36.1109,81.9438,1,-1,-1,-1
341,204,665.403,215.88,34.9282,79.2598,1,-1,-1,-1
341,231,311.606,180.522,28.6106,64.924,1,-1,-1,-1
341,239,636.649,208.305,39.0467,88.6054,1,-1,-1,-1
341,242,337.991,214.048,34.8767,79.143,1,-1,-1,-1
341,248,470.393,162.485,30.979,70.299,1,-1,-1,-1
342,204,669.917,216.532,35.8303,81.3069,1,-1,-1,-1
342,231,320.034,179.885,28.2745,64.1611,1,-1,-1,-1
342,239,637.491,210.419,39.8688,90.4712,1,-1,-1,-1
342,242,343.206,215.272,35.8393,81.3274,1,-1,-1,-1
342,248,463.134,162.65,32.9307,74.7277,1,-1,-1,-1
342,249,331.624,212.996,35.7327,81.0856,1,-1,-1,-1
343,204,677.14,228.392,31.78,72.1158,1,-1,-1,-1
343,231,326.306,179.435,28.15,63.8785,1,-1,-1,-1
343,239,637.542,211.436,40.2902,91.4275,1,-1,-1,-1
343,242,345.368,215.742,36.4155,82.6348,1,-1,-1,-1
343,248,460.189,162.638,33.7337,76.5496,1,-1,-1,-1
343,249,333.123,210.982,36.3887,82.574,1,-1,-1,-1
344,231,330.026,177.955,29.6928,67.3796,1,-1,-1,-1
344,239,641.295,211.777,40.46,91.8131,1,-1,-1,-1
344,242,345.795,215.791,36.7153,83.3151,1,-1,-1,-1
344,248,456.723,165.505,32.4263,73.5829,1,-1,-1,-1
345,231,342.142,179.398,27.7727,63.0225,1,-1,-1,-1
345,239,646.092,214.015,38.489,87.3403,1,-1,-1,-1
345,242,351.761,219.119,36.8391,83.5961,1,-1,-1,-1
345,246,680.839,216.111,29.8031,67.6301,1,-1,-1,-1
